       -0.0692929      0.1000E+01      0.1000E+01  0.00000000E+00      309.16685      309.15000
       -0.0685859      0.1000E+01      0.1000E+01  0.00000000E+00      309.16653      309.15000
       -0.0678788      0.1000E+01      0.1000E+01  0.00000000E+00      309.16623      309.15000
       -0.0671717      0.1000E+01      0.1000E+01  0.00000000E+00      309.16591      309.15000
       -0.0664646      0.1000E+01      0.1000E+01  0.00000000E+00      309.16560      309.15000
       -0.0657576      0.1000E+01      0.1000E+01  0.00000000E+00      309.16529      309.15000
       -0.0650505      0.1000E+01      0.1000E+01  0.00000000E+00      309.16499      309.15000
       -0.0643434      0.1000E+01      0.1000E+01  0.00000000E+00      309.16468      309.15000
       -0.0636364      0.1000E+01      0.1000E+01  0.00000000E+00      309.16438      309.15000
       -0.0629293      0.1000E+01      0.1000E+01  0.00000000E+00      309.16409      309.15000
       -0.0622222      0.1000E+01      0.1000E+01  0.00000000E+00      309.16380      309.15000
       -0.0615152      0.1000E+01      0.1000E+01  0.00000000E+00      309.16352      309.15000
       -0.0608081      0.1000E+01      0.1000E+01  0.00000000E+00      309.16324      309.15000
       -0.0601010      0.1000E+01      0.1000E+01  0.00000000E+00      309.16297      309.15000
       -0.0593939      0.1000E+01      0.1000E+01  0.00000000E+00      309.16271      309.15000
       -0.0586869      0.1000E+01      0.1000E+01  0.00000000E+00      309.16245      309.15000
       -0.0579798      0.1000E+01      0.1000E+01  0.00000000E+00      309.16220      309.15000
       -0.0572727      0.1000E+01      0.1000E+01  0.00000000E+00      309.16195      309.15000
       -0.0565657      0.1000E+01      0.1000E+01  0.00000000E+00      309.16171      309.15000
       -0.0558586      0.1000E+01      0.1000E+01  0.00000000E+00      309.16148      309.15000
       -0.0551515      0.1000E+01      0.1000E+01  0.00000000E+00      309.16124      309.15000
       -0.0544444      0.1000E+01      0.1000E+01  0.00000000E+00      309.16102      309.15000
       -0.0537374      0.1000E+01      0.1000E+01  0.00000000E+00      309.16080      309.15000
       -0.0530303      0.1000E+01      0.1000E+01  0.00000000E+00      309.16059      309.15000
       -0.0523232      0.1000E+01      0.1000E+01  0.00000000E+00      309.16038      309.15000
       -0.0516162      0.1000E+01      0.1000E+01  0.00000000E+00      309.16017      309.15000
       -0.0509091      0.1000E+01      0.1000E+01  0.00000000E+00      309.15997      309.15000
       -0.0502020      0.1000E+01      0.1000E+01  0.00000000E+00      309.15977      309.15000
       -0.0494949      0.1000E+01      0.1000E+01  0.00000000E+00      309.15958      309.15000
       -0.0487879      0.1000E+01      0.1000E+01  0.00000000E+00      309.15940      309.15000
       -0.0480808      0.1000E+01      0.1000E+01  0.00000000E+00      309.15921      309.15000
       -0.0473737      0.1000E+01      0.1000E+01  0.00000000E+00      309.15903      309.15000
       -0.0466667      0.1000E+01      0.1000E+01  0.00000000E+00      309.15885      309.15000
       -0.0459596      0.1000E+01      0.1000E+01  0.00000000E+00      309.15868      309.15000
       -0.0452525      0.1000E+01      0.1000E+01  0.00000000E+00      309.15851      309.15000
       -0.0445455      0.1000E+01      0.1000E+01  0.00000000E+00      309.15835      309.15000
       -0.0438384      0.1000E+01      0.1000E+01  0.00000000E+00      309.15819      309.15000
       -0.0431313      0.1000E+01      0.1000E+01  0.00000000E+00      309.15803      309.15000
       -0.0424242      0.1000E+01      0.1000E+01  0.00000000E+00      309.15788      309.15000
       -0.0417172      0.1000E+01      0.1000E+01  0.00000000E+00      309.15773      309.15000
       -0.0410101      0.1000E+01      0.1000E+01  0.00000000E+00      309.15758      309.15000
       -0.0403030      0.1000E+01      0.1000E+01  0.00000000E+00      309.15743      309.15000
       -0.0395960      0.1000E+01      0.1000E+01  0.00000000E+00      309.15729      309.15000
       -0.0388889      0.1000E+01      0.1000E+01  0.00000000E+00      309.15715      309.15000
       -0.0381818      0.1000E+01      0.1000E+01  0.00000000E+00      309.15702      309.15000
       -0.0374747      0.1000E+01      0.1000E+01  0.00000000E+00      309.15689      309.15000
       -0.0367677      0.1000E+01      0.1000E+01  0.00000000E+00      309.15676      309.15000
       -0.0360606      0.1000E+01      0.1000E+01  0.00000000E+00      309.15663      309.15000
       -0.0353535      0.1000E+01      0.1000E+01  0.00000000E+00      309.15651      309.15000
       -0.0346465      0.1000E+01      0.1000E+01  0.00000000E+00      309.15638      309.15000
       -0.0339394      0.1000E+01      0.1000E+01  0.00000000E+00      309.15627      309.15000
       -0.0332323      0.1000E+01      0.1000E+01  0.00000000E+00      309.15615      309.15000
       -0.0325253      0.1000E+01      0.1000E+01  0.00000000E+00      309.15603      309.15000
       -0.0318182      0.1000E+01      0.1000E+01  0.00000000E+00      309.15592      309.15000
       -0.0311111      0.1000E+01      0.1000E+01  0.00000000E+00      309.15581      309.15000
       -0.0304040      0.1000E+01      0.1000E+01  0.00000000E+00      309.15571      309.15000
       -0.0296970      0.1000E+01      0.1000E+01  0.00000000E+00      309.15560      309.15000
       -0.0289899      0.1000E+01      0.1000E+01  0.00000000E+00      309.15550      309.15000
       -0.0282828      0.1000E+01      0.1000E+01  0.00000000E+00      309.15539      309.15000
       -0.0275758      0.1000E+01      0.1000E+01  0.00000000E+00      309.15530      309.15000
       -0.0268687      0.1000E+01      0.1000E+01  0.00000000E+00      309.15520      309.15000
       -0.0261616      0.1000E+01      0.1000E+01  0.00000000E+00      309.15510      309.15000
       -0.0254545      0.1000E+01      0.1000E+01  0.00000000E+00      309.15501      309.15000
       -0.0247475      0.1000E+01      0.1000E+01  0.00000000E+00      309.15492      309.15000
       -0.0240404      0.1000E+01      0.1000E+01  0.00000000E+00      309.15483      309.15000
       -0.0233333      0.1000E+01      0.1000E+01  0.00000000E+00      309.15474      309.15000
       -0.0226263      0.1000E+01      0.1000E+01  0.00000000E+00      309.15465      309.15000
       -0.0219192      0.1000E+01      0.1000E+01  0.00000000E+00      309.15457      309.15000
       -0.0212121      0.1000E+01      0.1000E+01  0.00000000E+00      309.15449      309.15000
       -0.0205051      0.1000E+01      0.1000E+01  0.00000000E+00      309.15441      309.15000
       -0.0197980      0.1000E+01      0.1000E+01  0.00000000E+00      309.15433      309.15000
       -0.0190909      0.1000E+01      0.1000E+01  0.00000000E+00      309.15425      309.15000
       -0.0183838      0.1000E+01      0.1000E+01  0.00000000E+00      309.15417      309.15000
       -0.0176768      0.1000E+01      0.1000E+01  0.00000000E+00      309.15410      309.15000
       -0.0169697      0.1000E+01      0.1000E+01  0.00000000E+00      309.15402      309.15000
       -0.0162626      0.1000E+01      0.1000E+01  0.00000000E+00      309.15396      309.15000
       -0.0155556      0.1000E+01      0.1000E+01  0.00000000E+00      309.15388      309.15000
       -0.0148485      0.1000E+01      0.1000E+01  0.00000000E+00      309.15381      309.15000
       -0.0141414      0.1000E+01      0.1000E+01  0.00000000E+00      309.15374      309.15000
       -0.0134343      0.1000E+01      0.1000E+01  0.00000000E+00      309.15368      309.15000
       -0.0127273      0.1000E+01      0.1000E+01  0.00000000E+00      309.15361      309.15000
       -0.0120202      0.1000E+01      0.1000E+01  0.00000000E+00      309.15355      309.15000
       -0.0113131      0.1000E+01      0.1000E+01  0.00000000E+00      309.15348      309.15000
       -0.0106061      0.1000E+01      0.1000E+01  0.00000000E+00      309.15342      309.15000
       -0.0098990      0.1000E+01      0.1000E+01  0.00000000E+00      309.15336      309.15000
       -0.0091919      0.1000E+01      0.1000E+01  0.00000000E+00      309.15330      309.15000
       -0.0084848      0.1000E+01      0.1000E+01  0.00000000E+00      309.15325      309.15000
       -0.0077778      0.1000E+01      0.1000E+01  0.00000000E+00      309.15319      309.15000
       -0.0070707      0.1000E+01      0.1000E+01  0.00000000E+00      309.15313      309.15000
       -0.0063636      0.1000E+01      0.1000E+01  0.00000000E+00      309.15308      309.15000
       -0.0056566      0.1000E+01      0.1000E+01  0.00000000E+00      309.15302      309.15000
       -0.0049495      0.1000E+01      0.1000E+01  0.00000000E+00      309.15297      309.15000
       -0.0042424      0.1000E+01      0.1000E+01  0.00000000E+00      309.15292      309.15000
       -0.0035354      0.1000E+01      0.1000E+01  0.00000000E+00      309.15287      309.15000
       -0.0028283      0.1000E+01      0.1000E+01  0.00000000E+00      309.15282      309.15000
       -0.0021212      0.1000E+01      0.1000E+01  0.00000000E+00      309.15277      309.15000
       -0.0014141      0.1000E+01      0.1000E+01  0.00000000E+00      309.15272      309.15000
       -0.0007071      0.1000E+01      0.1000E+01  0.00000000E+00      309.15268      309.15000
        0.0000000      0.1000E+01      0.1000E+01  0.00000000E+00      309.15263      309.15000
        0.0100000      0.1000E+01      0.1000E+01  0.00000000E+00      303.17134      303.36790
        0.0102094      0.1000E+01      0.1000E+01  0.00000000E+00      303.08243      303.29114
        0.0104232      0.1000E+01      0.1000E+01  0.00000000E+00      302.99288      303.21403
        0.0106414      0.1000E+01      0.1000E+01  0.00000000E+00      302.90251      303.13641
        0.0108643      0.1000E+01      0.1000E+01  0.00000000E+00      302.81152      303.05844
        0.0110917      0.1000E+01      0.1000E+01  0.00000000E+00      302.71984      302.98009
        0.0113240      0.1000E+01      0.1000E+01  0.00000000E+00      302.62751      302.90135
        0.0115611      0.1000E+01      0.1000E+01  0.00000000E+00      302.53453      302.82226
        0.0118032      0.1000E+01      0.1000E+01  0.00000000E+00      302.44086      302.74276
        0.0120504      0.1000E+01      0.1000E+01  0.00000000E+00      302.34667      302.66300
        0.0123027      0.1000E+01      0.1000E+01  0.00000000E+00      302.25192      302.58294
        0.0125603      0.1000E+01      0.1000E+01  0.00000000E+00      302.15657      302.50254
        0.0128233      0.1000E+01      0.1000E+01  0.00000000E+00      302.06071      302.42188
        0.0130918      0.1000E+01      0.1000E+01  0.00000000E+00      301.96437      302.34096
        0.0133660      0.1000E+01      0.1000E+01  0.00000000E+00      301.86752      302.25977
        0.0136458      0.1000E+01      0.1000E+01  0.00000000E+00      301.77025      302.17837
        0.0139316      0.1000E+01      0.1000E+01  0.00000000E+00      301.67255      302.09674
        0.0142233      0.1000E+01      0.1000E+01  0.00000000E+00      301.57443      302.01489
        0.0145211      0.1000E+01      0.1000E+01  0.00000000E+00      301.47601      301.93289
        0.0148252      0.1000E+01      0.1000E+01  0.00000000E+00      301.37725      301.85072
        0.0151356      0.1000E+01      0.1000E+01  0.00000000E+00      301.27820      301.76839
        0.0154525      0.1000E+01      0.1000E+01  0.00000000E+00      301.17891      301.68593
        0.0157761      0.1000E+01      0.1000E+01  0.00000000E+00      301.07942      301.60336
        0.0161065      0.1000E+01      0.1000E+01  0.00000000E+00      300.97977      301.52069
        0.0164437      0.1000E+01      0.1000E+01  0.00000000E+00      300.87996      301.43792
        0.0167880      0.1000E+01      0.1000E+01  0.00000000E+00      300.78011      301.35509
        0.0171396      0.1000E+01      0.1000E+01  0.00000000E+00      300.68024      301.27224
        0.0174985      0.1000E+01      0.1000E+01  0.00000000E+00      300.58042      301.18937
        0.0178649      0.1000E+01      0.1000E+01  0.00000000E+00      300.48068      301.10647
        0.0182390      0.1000E+01      0.1000E+01  0.00000000E+00      300.38110      301.02360
        0.0186209      0.1000E+01      0.1000E+01  0.00000000E+00      300.28172      300.94074
        0.0190108      0.1000E+01      0.1000E+01  0.00000000E+00      300.18261      300.85792
        0.0194089      0.1000E+01      0.1000E+01  0.00000000E+00      300.08388      300.77517
        0.0198153      0.1000E+01      0.1000E+01  0.00000000E+00      299.98556      300.69250
        0.0202302      0.1000E+01      0.1000E+01  0.00000000E+00      299.88779      300.60994
        0.0206538      0.1000E+01      0.1000E+01  0.00000000E+00      299.79061      300.52748
        0.0210863      0.1000E+01      0.1000E+01  0.00000000E+00      299.69412      300.44515
        0.0215278      0.1000E+01      0.1000E+01  0.00000000E+00      299.59845      300.36297
        0.0219786      0.1000E+01      0.1000E+01  0.00000000E+00      299.50372      300.28097
        0.0224388      0.1000E+01      0.1000E+01  0.00000000E+00      299.41003      300.19916
        0.0229087      0.1000E+01      0.1000E+01  0.00000000E+00      299.31754      300.11754
        0.0233884      0.1000E+01      0.1000E+01  0.00000000E+00      299.22638      300.03615
        0.0238781      0.1000E+01      0.1000E+01  0.00000000E+00      299.13671      299.95497
        0.0243781      0.1000E+01      0.1000E+01  0.00000000E+00      299.04872      299.87406
        0.0248886      0.1000E+01      0.1000E+01  0.00000000E+00      298.96260      299.79341
        0.0254097      0.1000E+01      0.1000E+01  0.00000000E+00      298.87859      299.71304
        0.0259418      0.1000E+01      0.1000E+01  0.00000000E+00      298.79692      299.63298
        0.0264850      0.1000E+01      0.1000E+01  0.00000000E+00      298.71786      299.55323
        0.0270396      0.1000E+01      0.1000E+01  0.00000000E+00      298.64169      299.47380
        0.0276058      0.1000E+01      0.1000E+01  0.00000000E+00      298.56874      299.39472
        0.0281838      0.1000E+01      0.1000E+01  0.00000000E+00      298.49940      299.31600
        0.0287740      0.1000E+01      0.1000E+01  0.00000000E+00      298.43401      299.23765
        0.0293765      0.1000E+01      0.1000E+01  0.00000000E+00      298.37298      299.15969
        0.0299916      0.1000E+01      0.1000E+01  0.00000000E+00      298.31670      299.08213
        0.0306196      0.1000E+01      0.1000E+01  0.00000000E+00      298.26351      299.00499
        0.0312608      0.1000E+01      0.1000E+01  0.00000000E+00      298.21165      298.92827
        0.0319154      0.1000E+01      0.1000E+01  0.00000000E+00      298.16130      298.85200
        0.0325837      0.1000E+01      0.1000E+01  0.00000000E+00      298.11223      298.77617
        0.0332660      0.1000E+01      0.1000E+01  0.00000000E+00      298.06466      298.70081
        0.0339625      0.1000E+01      0.1000E+01  0.00000000E+00      298.01825      298.62593
        0.0346737      0.1000E+01      0.1000E+01  0.00000000E+00      297.97262      298.55153
        0.0353997      0.1000E+01      0.1000E+01  0.00000000E+00      297.92768      298.47764
        0.0361410      0.1000E+01      0.1000E+01  0.00000000E+00      297.88310      298.40425
        0.0368978      0.1000E+01      0.1000E+01  0.00000000E+00      297.83861      298.33138
        0.0376704      0.1000E+01      0.1000E+01  0.00000000E+00      297.79402      298.25905
        0.0384592      0.1000E+01      0.1000E+01  0.00000000E+00      297.74869      298.18724
        0.0392645      0.1000E+01      0.1000E+01  0.00000000E+00      297.69878      298.11600
        0.0400867      0.1000E+01      0.1000E+01  0.00000000E+00      297.64913      298.04532
        0.0409261      0.1000E+01      0.1000E+01  0.00000000E+00      297.59739      297.97520
        0.0417830      0.1000E+01      0.1000E+01  0.00000000E+00      297.54526      297.90565
        0.0426580      0.1000E+01      0.1000E+01  0.00000000E+00      297.49252      297.83668
        0.0435512      0.1000E+01      0.1000E+01  0.00000000E+00      297.43887      297.76831
        0.0444631      0.1000E+01      0.1000E+01  0.00000000E+00      297.38543      297.70053
        0.0453942      0.1000E+01      0.1000E+01  0.00000000E+00      297.33109      297.63334
        0.0463447      0.1000E+01      0.1000E+01  0.00000000E+00      297.27693      297.56676
        0.0473151      0.1000E+01      0.1000E+01  0.00000000E+00      297.22270      297.50081
        0.0483059      0.1000E+01      0.1000E+01  0.00000000E+00      297.16826      297.43548
        0.0493174      0.1000E+01      0.1000E+01  0.00000000E+00      297.11410      297.37076
        0.0503501      0.1000E+01      0.1000E+01  0.00000000E+00      297.05996      297.30668
        0.0514044      0.1000E+01      0.1000E+01  0.00000000E+00      297.00591      297.24324
        0.0524807      0.1000E+01      0.1000E+01  0.00000000E+00      296.95219      297.18043
        0.0535797      0.1000E+01      0.1000E+01  0.00000000E+00      296.89869      297.11827
        0.0547016      0.1000E+01      0.1000E+01  0.00000000E+00      296.84542      297.05677
        0.0558470      0.1000E+01      0.1000E+01  0.00000000E+00      296.79249      296.99591
        0.0570164      0.1000E+01      0.1000E+01  0.00000000E+00      296.73992      296.93569
        0.0582103      0.1000E+01      0.1000E+01  0.00000000E+00      296.68772      296.87616
        0.0594292      0.1000E+01      0.1000E+01  0.00000000E+00      296.63580      296.81721
        0.0606736      0.1000E+01      0.1000E+01  0.00000000E+00      296.58434      296.75897
        0.0619441      0.1000E+01      0.1000E+01  0.00000000E+00      296.53333      296.70140
        0.0632412      0.1000E+01      0.1000E+01  0.00000000E+00      296.48274      296.64446
        0.0645654      0.1000E+01      0.1000E+01  0.00000000E+00      296.43261      296.58818
        0.0659174      0.1000E+01      0.1000E+01  0.00000000E+00      296.38293      296.53258
        0.0672977      0.1000E+01      0.1000E+01  0.00000000E+00      296.33343      296.47762
        0.0687068      0.1000E+01      0.1000E+01  0.00000000E+00      296.28420      296.42333
        0.0701455      0.1000E+01      0.1000E+01  0.00000000E+00      296.23564      296.36977
        0.0716143      0.1000E+01      0.1000E+01  0.00000000E+00      296.18720      296.31679
        0.0731139      0.1000E+01      0.1000E+01  0.00000000E+00      296.13936      296.26450
        0.0746449      0.1000E+01      0.1000E+01  0.00000000E+00      296.09199      296.21283
        0.0762079      0.1000E+01      0.1000E+01  0.00000000E+00      296.04498      296.16179
        0.0778037      0.1000E+01      0.1000E+01  0.00000000E+00      295.99869      296.11150
        0.0794328      0.1000E+01      0.1000E+01  0.00000000E+00      295.95271      296.06179
        0.0810961      0.1000E+01      0.1000E+01  0.00000000E+00      295.90734      296.01276
        0.0827942      0.1000E+01      0.1000E+01  0.00000000E+00      295.86255      295.96438
        0.0845279      0.1000E+01      0.1000E+01  0.00000000E+00      295.81823      295.91667
        0.0862979      0.1000E+01      0.1000E+01  0.00000000E+00      295.77448      295.86957
        0.0881049      0.1000E+01      0.1000E+01  0.00000000E+00      295.73125      295.82310
        0.0899498      0.1000E+01      0.1000E+01  0.00000000E+00      295.68857      295.77729
        0.0918333      0.1000E+01      0.1000E+01  0.00000000E+00      295.64644      295.73207
        0.0937562      0.1000E+01      0.1000E+01  0.00000000E+00      295.60490      295.68753
        0.0957194      0.1000E+01      0.1000E+01  0.00000000E+00      295.56382      295.64356
        0.0977237      0.1000E+01      0.1000E+01  0.00000000E+00      295.52336      295.60026
        0.0997700      0.1000E+01      0.1000E+01  0.00000000E+00      295.48346      295.55757
        0.1018591      0.1000E+01      0.1000E+01  0.00000000E+00      295.44409      295.51548
        0.1039920      0.1000E+01      0.1000E+01  0.00000000E+00      295.40533      295.47409
        0.1061696      0.1000E+01      0.1000E+01  0.00000000E+00      295.36700      295.43318
        0.1083927      0.1000E+01      0.1000E+01  0.00000000E+00      295.32924      295.39288
        0.1106624      0.1000E+01      0.1000E+01  0.00000000E+00      295.29214      295.35329
        0.1129796      0.1000E+01      0.1000E+01  0.00000000E+00      295.25541      295.31411
        0.1153453      0.1000E+01      0.1000E+01  0.00000000E+00      295.21934      295.27568
        0.1177606      0.1000E+01      0.1000E+01  0.00000000E+00      295.18377      295.23783
        0.1202264      0.1000E+01      0.1000E+01  0.00000000E+00      295.14865      295.20050
        0.1227439      0.1000E+01      0.1000E+01  0.00000000E+00      295.11397      295.16368
        0.1253141      0.1000E+01      0.1000E+01  0.00000000E+00      295.07986      295.12749
        0.1279381      0.1000E+01      0.1000E+01  0.00000000E+00      295.04632      295.09194
        0.1306171      0.1000E+01      0.1000E+01  0.00000000E+00      295.01317      295.05683
        0.1333521      0.1000E+01      0.1000E+01  0.00000000E+00      294.98055      295.02231
        0.1361445      0.1000E+01      0.1000E+01  0.00000000E+00      294.94831      294.98823
        0.1389953      0.1000E+01      0.1000E+01  0.00000000E+00      294.91673      294.95488
        0.1419058      0.1000E+01      0.1000E+01  0.00000000E+00      294.88551      294.92193
        0.1448772      0.1000E+01      0.1000E+01  0.00000000E+00      294.85474      294.88949
        0.1479108      0.1000E+01      0.1000E+01  0.00000000E+00      294.82464      294.85777
        0.1510080      0.1000E+01      0.1000E+01  0.00000000E+00      294.79483      294.82639
        0.1541700      0.1000E+01      0.1000E+01  0.00000000E+00      294.76545      294.79549
        0.1573983      0.1000E+01      0.1000E+01  0.00000000E+00      294.73657      294.76514
        0.1606941      0.1000E+01      0.1000E+01  0.00000000E+00      294.70807      294.73522
        0.1640590      0.1000E+01      0.1000E+01  0.00000000E+00      294.68005      294.70584
        0.1674943      0.1000E+01      0.1000E+01  0.00000000E+00      294.65260      294.67707
        0.1710015      0.1000E+01      0.1000E+01  0.00000000E+00      294.62562      294.64884
        0.1745822      0.1000E+01      0.1000E+01  0.00000000E+00      294.59868      294.62068
        0.1782379      0.1000E+01      0.1000E+01  0.00000000E+00      294.57244      294.59329
        0.1819701      0.1000E+01      0.1000E+01  0.00000000E+00      294.54654      294.56629
        0.1857804      0.1000E+01      0.1000E+01  0.00000000E+00      294.52128      294.53998
        0.1896706      0.1000E+01      0.1000E+01  0.00000000E+00      294.49631      294.51402
        0.1936422      0.1000E+01      0.1000E+01  0.00000000E+00      294.47138      294.48813
        0.1976970      0.1000E+01      0.1000E+01  0.00000000E+00      294.44708      294.46292
        0.2018366      0.1000E+01      0.1000E+01  0.00000000E+00      294.42314      294.43812
        0.2060630      0.1000E+01      0.1000E+01  0.00000000E+00      294.39975      294.41393
        0.2103778      0.1000E+01      0.1000E+01  0.00000000E+00      294.37651      294.38992
        0.2147830      0.1000E+01      0.1000E+01  0.00000000E+00      294.35378      294.36647
        0.2192805      0.1000E+01      0.1000E+01  0.00000000E+00      294.33138      294.34339
        0.2238721      0.1000E+01      0.1000E+01  0.00000000E+00      294.30929      294.32067
        0.2285599      0.1000E+01      0.1000E+01  0.00000000E+00      294.28754      294.29831
        0.2333458      0.1000E+01      0.1000E+01  0.00000000E+00      294.26626      294.27646
        0.2382319      0.1000E+01      0.1000E+01  0.00000000E+00      294.24529      294.25497
        0.2432204      0.1000E+01      0.1000E+01  0.00000000E+00      294.22471      294.23389
        0.2483133      0.1000E+01      0.1000E+01  0.00000000E+00      294.20434      294.21304
        0.2535129      0.1000E+01      0.1000E+01  0.00000000E+00      294.18461      294.19288
        0.2588213      0.1000E+01      0.1000E+01  0.00000000E+00      294.16491      294.17276
        0.2642409      0.1000E+01      0.1000E+01  0.00000000E+00      294.14559      294.15305
        0.2697739      0.1000E+01      0.1000E+01  0.00000000E+00      294.12664      294.13374
        0.2754229      0.1000E+01      0.1000E+01  0.00000000E+00      294.10802      294.11478
        0.2811901      0.1000E+01      0.1000E+01  0.00000000E+00      294.08986      294.09630
        0.2870781      0.1000E+01      0.1000E+01  0.00000000E+00      294.07171      294.07784
        0.2930893      0.1000E+01      0.1000E+01  0.00000000E+00      294.05409      294.05993
        0.2992265      0.1000E+01      0.1000E+01  0.00000000E+00      294.03666      294.04222
        0.3054921      0.1000E+01      0.1000E+01  0.14641881E-14      293.91281      294.02494
        0.3118890      0.1000E+01      0.1000E+01  0.14643890E-14      293.94224      294.00797
        0.3184198      0.1000E+01      0.1000E+01  0.14647073E-14      293.94653      293.99130
        0.3250873      0.1000E+01      0.1000E+01  0.14650619E-14      293.94261      293.97495
        0.3318945      0.1000E+01      0.1000E+01  0.14654414E-14      293.93482      293.95886
        0.3388442      0.1000E+01      0.1000E+01  0.14658270E-14      293.92504      293.94310
        0.3459394      0.1000E+01      0.1000E+01  0.14662129E-14      293.91402      293.92763
        0.3531832      0.1000E+01      0.1000E+01  0.14665969E-14      293.90216      293.91248
        0.3605786      0.1000E+01      0.1000E+01  0.14669807E-14      293.88969      293.89760
        0.3681290      0.1000E+01      0.1000E+01  0.14673658E-14      293.87682      293.88299
        0.3758374      0.1000E+01      0.1000E+01  0.14677537E-14      293.86375      293.86868
        0.3837072      0.1000E+01      0.1000E+01  0.14681506E-14      293.85046      293.85450
        0.3917419      0.1000E+01      0.1000E+01  0.14685518E-14      293.83721      293.84061
        0.3999447      0.1000E+01      0.1000E+01  0.14689553E-14      293.82415      293.82711
        0.4083194      0.1000E+01      0.1000E+01  0.14693634E-14      293.81128      293.81392
        0.4168694      0.1000E+01      0.1000E+01  0.14697792E-14      293.79853      293.80093
        0.4255984      0.1000E+01      0.1000E+01  0.14702035E-14      293.78591      293.78813
        0.4345102      0.1000E+01      0.1000E+01  0.14706376E-14      293.77342      293.77549
        0.4436086      0.1000E+01      0.1000E+01  0.14710635E-14      293.76156      293.76352
        0.4528976      0.1000E+01      0.1000E+01  0.14715306E-14      293.74901      293.75085
        0.4623810      0.1000E+01      0.1000E+01  0.14719845E-14      293.73723      293.73899
        0.4720630      0.1000E+01      0.1000E+01  0.14724367E-14      293.72591      293.72759
        0.4819478      0.1000E+01      0.1000E+01  0.14729112E-14      293.71444      293.71605
        0.4920395      0.1000E+01      0.1000E+01  0.14733927E-14      293.70322      293.70476
        0.5023426      0.1000E+01      0.1000E+01  0.14738805E-14      293.69225      293.69373
        0.5128614      0.1000E+01      0.1000E+01  0.14743748E-14      293.68154      293.68295
        0.5236004      0.1000E+01      0.1000E+01  0.14748780E-14      293.67102      293.67238
        0.5345644      0.1000E+01      0.1000E+01  0.14753901E-14      293.66069      293.66200
        0.5457579      0.1000E+01      0.1000E+01  0.14759083E-14      293.65062      293.65187
        0.5571857      0.1000E+01      0.1000E+01  0.14764354E-14      293.64074      293.64194
        0.5688529      0.1000E+01      0.1000E+01  0.14769772E-14      293.63095      293.63210
        0.5807644      0.1000E+01      0.1000E+01  0.14775175E-14      293.62153      293.62264
        0.5929253      0.1000E+01      0.1000E+01  0.14780846E-14      293.61201      293.61307
        0.6053409      0.1000E+01      0.1000E+01  0.14786432E-14      293.60296      293.60399
        0.6180164      0.1000E+01      0.1000E+01  0.14792302E-14      293.59380      293.59479
        0.6309573      0.1000E+01      0.1000E+01  0.14798183E-14      293.58496      293.58591
        0.6441693      0.1000E+01      0.1000E+01  0.14804156E-14      293.57631      293.57722
        0.6576578      0.1000E+01      0.1000E+01  0.14810250E-14      293.56780      293.56868
        0.6714289      0.1000E+01      0.1000E+01  0.14816445E-14      293.55947      293.56031
        0.6854882      0.1000E+01      0.1000E+01  0.14822524E-14      293.55159      293.55240
        0.6998420      0.1000E+01      0.1000E+01  0.14829172E-14      293.54329      293.54406
        0.7144963      0.1000E+01      0.1000E+01  0.14835704E-14      293.53543      293.53618
        0.7294575      0.1000E+01      0.1000E+01  0.14842354E-14      293.52773      293.52845
        0.7447320      0.1000E+01      0.1000E+01  0.14849121E-14      293.52018      293.52087
        0.7603263      0.1000E+01      0.1000E+01  0.14855763E-14      293.51303      293.51370
        0.7762471      0.1000E+01      0.1000E+01  0.14863037E-14      293.50550      293.50614
        0.7925013      0.1000E+01      0.1000E+01  0.14870177E-14      293.49838      293.49900
        0.8090959      0.1000E+01      0.1000E+01  0.14877429E-14      293.49142      293.49202
        0.8260379      0.1000E+01      0.1000E+01  0.14884869E-14      293.48455      293.48512
        0.8433348      0.1000E+01      0.1000E+01  0.14892411E-14      293.47784      293.47839
        0.8609938      0.1000E+01      0.1000E+01  0.14900080E-14      293.47127      293.47180
        0.8790225      0.1000E+01      0.1000E+01  0.14907911E-14      293.46481      293.46532
        0.8974288      0.1000E+01      0.1000E+01  0.14915881E-14      293.45849      293.45898
        0.9162205      0.1000E+01      0.1000E+01  0.14923943E-14      293.45232      293.45280
        0.9354057      0.1000E+01      0.1000E+01  0.14932191E-14      293.44626      293.44671
        0.9549926      0.1000E+01      0.1000E+01  0.14940407E-14      293.44043      293.44088
        0.9749896      0.1000E+01      0.1000E+01  0.14949095E-14      293.43451      293.43494
        0.9954054      0.1000E+01      0.1000E+01  0.14957864E-14      293.42876      293.42917
        1.0162487      0.1000E+01      0.1000E+01  0.14966860E-14      293.42309      293.42348
        1.0375284      0.1000E+01      0.1000E+01  0.14975867E-14      293.41762      293.41800
        1.0592537      0.1000E+01      0.1000E+01  0.14985156E-14      293.41221      293.41256
        1.0814340      0.1000E+01      0.1000E+01  0.14994322E-14      293.40704      293.40739
        1.1040786      0.1000E+01      0.1000E+01  0.15003765E-14      293.40193      293.40227
        1.1271975      0.1000E+01      0.1000E+01  0.15013922E-14      293.39664      293.39697
        1.1508004      0.1000E+01      0.1000E+01  0.15023872E-14      293.39166      293.39198
        1.1748976      0.1000E+01      0.1000E+01  0.15034017E-14      293.38678      293.38709
        1.1994993      0.1000E+01      0.1000E+01  0.15044329E-14      293.38201      293.38230
        1.2246162      0.1000E+01      0.1000E+01  0.15054864E-14      293.37732      293.37760
        1.2502590      0.1000E+01      0.1000E+01  0.15065601E-14      293.37272      293.37300
        1.2764388      0.1000E+01      0.1000E+01  0.15076532E-14      293.36822      293.36849
        1.3031668      0.1000E+01      0.1000E+01  0.15087442E-14      293.36390      293.36416
        1.3304544      0.1000E+01      0.1000E+01  0.15099035E-14      293.35948      293.35973
        1.3583134      0.1000E+01      0.1000E+01  0.15110609E-14      293.35524      293.35549
        1.3867558      0.1000E+01      0.1000E+01  0.15121730E-14      293.35132      293.35156
        1.4157938      0.1000E+01      0.1000E+01  0.15134366E-14      293.34704      293.34727
        1.4454398      0.1000E+01      0.1000E+01  0.15146585E-14      293.34306      293.34328
        1.4757065      0.1000E+01      0.1000E+01  0.15158639E-14      293.33929      293.33950
        1.5066071      0.1000E+01      0.1000E+01  0.15171821E-14      293.33532      293.33553
        1.5381546      0.1000E+01      0.1000E+01  0.15184912E-14      293.33153      293.33173
        1.5703628      0.1000E+01      0.1000E+01  0.15198149E-14      293.32785      293.32805
        1.6032454      0.1000E+01      0.1000E+01  0.15211649E-14      293.32425      293.32444
        1.6368165      0.1000E+01      0.1000E+01  0.15225400E-14      293.32072      293.32090
        1.6710906      0.1000E+01      0.1000E+01  0.15239437E-14      293.31725      293.31743
        1.7060824      0.9999E+00      0.1000E+01  0.15253694E-14      293.31387      293.31404
        1.7418069      0.9999E+00      0.1000E+01  0.15268328E-14      293.31053      293.31070
        1.7782794      0.9999E+00      0.1000E+01  0.15283200E-14      293.30727      293.30744
        1.8155157      0.9999E+00      0.1000E+01  0.15298369E-14      293.30408      293.30424
        1.8535316      0.9999E+00      0.1000E+01  0.15313830E-14      293.30095      293.30110
        1.8923436      0.9999E+00      0.1000E+01  0.15329529E-14      293.29790      293.29805
        1.9319683      0.9999E+00      0.1000E+01  0.15345677E-14      293.29488      293.29502
        1.9724227      0.9999E+00      0.1000E+01  0.15361333E-14      293.29207      293.29221
        2.0137242      0.9999E+00      0.1000E+01  0.15378783E-14      293.28905      293.28919
        2.0558906      0.9999E+00      0.1000E+01  0.15395859E-14      293.28622      293.28636
        2.0989399      0.9999E+00      0.1000E+01  0.15413243E-14      293.28345      293.28358
        2.1428906      0.9999E+00      0.1000E+01  0.15430989E-14      293.28074      293.28087
        2.1877616      0.9999E+00      0.1000E+01  0.15449075E-14      293.27808      293.27820
        2.2335722      0.9999E+00      0.1000E+01  0.15467537E-14      293.27547      293.27559
        2.2803421      0.9999E+00      0.1000E+01  0.15486331E-14      293.27292      293.27304
        2.3280913      0.9999E+00      0.1000E+01  0.15505525E-14      293.27042      293.27054
        2.3768403      0.9999E+00      0.1000E+01  0.15525123E-14      293.26797      293.26808
        2.4266101      0.9999E+00      0.1000E+01  0.15545095E-14      293.26557      293.26568
        2.4774221      0.9999E+00      0.1000E+01  0.15565487E-14      293.26321      293.26332
        2.5292980      0.9999E+00      0.1000E+01  0.15586237E-14      293.26091      293.26102
        2.5822602      0.9999E+00      0.1000E+01  0.15607467E-14      293.25865      293.25875
        2.6363314      0.9999E+00      0.1000E+01  0.15629086E-14      293.25643      293.25654
        2.6915348      0.9999E+00      0.1000E+01  0.15651144E-14      293.25427      293.25436
        2.7478942      0.9999E+00      0.1000E+01  0.15672879E-14      293.25221      293.25231
        2.8054336      0.9999E+00      0.1000E+01  0.15696606E-14      293.25006      293.25015
        2.8641780      0.9999E+00      0.1000E+01  0.15720025E-14      293.24802      293.24811
        2.9241524      0.9999E+00      0.1000E+01  0.15743909E-14      293.24602      293.24611
        2.9853826      0.9999E+00      0.1000E+01  0.15768284E-14      293.24406      293.24415
        3.0478950      0.9999E+00      0.1000E+01  0.15793146E-14      293.24214      293.24223
        3.1117163      0.9998E+00      0.1000E+01  0.15818512E-14      293.24026      293.24035
        3.1768741      0.9998E+00      0.1000E+01  0.15844154E-14      293.23844      293.23852
        3.2433962      0.9998E+00      0.1000E+01  0.15870778E-14      293.23662      293.23670
        3.3113112      0.9998E+00      0.1000E+01  0.15897219E-14      293.23488      293.23497
        3.3806484      0.9998E+00      0.1000E+01  0.15925197E-14      293.23312      293.23320
        3.4514374      0.9998E+00      0.1000E+01  0.15953168E-14      293.23143      293.23151
        3.5237087      0.9998E+00      0.1000E+01  0.15981799E-14      293.22976      293.22984
        3.5974934      0.9998E+00      0.1000E+01  0.16011003E-14      293.22813      293.22821
        3.6728230      0.9998E+00      0.1000E+01  0.16040762E-14      293.22654      293.22661
        3.7497300      0.9998E+00      0.1000E+01  0.16071133E-14      293.22497      293.22505
        3.8282474      0.9998E+00      0.1000E+01  0.16101994E-14      293.22345      293.22352
        3.9084090      0.9998E+00      0.1000E+01  0.16132965E-14      293.22198      293.22205
        3.9902490      0.9998E+00      0.1000E+01  0.16165927E-14      293.22048      293.22055
        4.0738028      0.9997E+00      0.1000E+01  0.16198855E-14      293.21903      293.21911
        4.1591061      0.9997E+00      0.1000E+01  0.16232393E-14      293.21762      293.21770
        4.2461956      0.9997E+00      0.1000E+01  0.16266646E-14      293.21624      293.21631
        4.3351088      0.9997E+00      0.1000E+01  0.16301548E-14      293.21489      293.21496
        4.4258837      0.9997E+00      0.1000E+01  0.16337194E-14      293.21356      293.21363
        4.5185594      0.9997E+00      0.1000E+01  0.16373478E-14      293.21226      293.21233
        4.6131757      0.9997E+00      0.9999E+00  0.16410603E-14      293.21099      293.21106
        4.7097733      0.9997E+00      0.9999E+00  0.16448096E-14      293.20975      293.20982
        4.8083935      0.9996E+00      0.9999E+00  0.16486977E-14      293.20852      293.20859
        4.9090788      0.9996E+00      0.9999E+00  0.16526321E-14      293.20732      293.20739
        5.0118723      0.9996E+00      0.9999E+00  0.16566432E-14      293.20615      293.20622
        5.1168184      0.9996E+00      0.9999E+00  0.16607354E-14      293.20500      293.20507
        5.2239619      0.9996E+00      0.9999E+00  0.16648681E-14      293.20389      293.20395
        5.3333490      0.9995E+00      0.9999E+00  0.16691654E-14      293.20278      293.20284
        5.4450265      0.9995E+00      0.9999E+00  0.16735062E-14      293.20170      293.20176
        5.5590426      0.9995E+00      0.9999E+00  0.16779139E-14      293.20064      293.20071
        5.6754461      0.9995E+00      0.9999E+00  0.16824427E-14      293.19960      293.19966
        5.7942870      0.9995E+00      0.9999E+00  0.16870460E-14      293.19859      293.19865
        5.9156163      0.9994E+00      0.9999E+00  0.16917380E-14      293.19759      293.19765
        6.0394863      0.9994E+00      0.9999E+00  0.16964915E-14      293.19663      293.19669
        6.1659500      0.9994E+00      0.9999E+00  0.17013961E-14      293.19567      293.19572
        6.2950618      0.9994E+00      0.9999E+00  0.17063657E-14      293.19473      293.19479
        6.4268772      0.9993E+00      0.9999E+00  0.17113760E-14      293.19382      293.19388
        6.5614527      0.9993E+00      0.9999E+00  0.17165915E-14      293.19292      293.19298
        6.6988461      0.9993E+00      0.9999E+00  0.17218511E-14      293.19204      293.19210
        6.8391165      0.9992E+00      0.9999E+00  0.17272094E-14      293.19118      293.19124
        6.9823240      0.9992E+00      0.9999E+00  0.17326661E-14      293.19034      293.19039
        7.1285303      0.9992E+00      0.9999E+00  0.17381535E-14      293.18952      293.18958
        7.2777980      0.9991E+00      0.9999E+00  0.17438937E-14      293.18870      293.18876
        7.4301914      0.9991E+00      0.9999E+00  0.17496613E-14      293.18791      293.18796
        7.5857758      0.9990E+00      0.9999E+00  0.17555343E-14      293.18713      293.18719
        7.7446180      0.9990E+00      0.9999E+00  0.17615125E-14      293.18637      293.18643
        7.9067863      0.9989E+00      0.9999E+00  0.17675992E-14      293.18563      293.18568
        8.0723503      0.9989E+00      0.9999E+00  0.17737925E-14      293.18490      293.18495
        8.2413812      0.9988E+00      0.9999E+00  0.17800927E-14      293.18418      293.18423
        8.4139514      0.9988E+00      0.9999E+00  0.17865027E-14      293.18348      293.18353
        8.5901352      0.9987E+00      0.9999E+00  0.17930226E-14      293.18279      293.18285
        8.7700082      0.9987E+00      0.9999E+00  0.17996497E-14      293.18212      293.18218
        8.9536477      0.9986E+00      0.9999E+00  0.18063886E-14      293.18146      293.18152
        9.1411324      0.9985E+00      0.9999E+00  0.18132351E-14      293.18082      293.18087
        9.3325430      0.9985E+00      0.9999E+00  0.18201923E-14      293.18019      293.18024
        9.5279616      0.9984E+00      0.9999E+00  0.18272563E-14      293.17957      293.17962
        9.7274722      0.9983E+00      0.9999E+00  0.18344308E-14      293.17896      293.17901
        9.9311605      0.9982E+00      0.9999E+00  0.18417105E-14      293.17837      293.17842
       10.1391139      0.9981E+00      0.9999E+00  0.18490958E-14      293.17779      293.17784
       10.3514217      0.9980E+00      0.9999E+00  0.18565868E-14      293.17722      293.17727
       10.5681751      0.9979E+00      0.9999E+00  0.18641842E-14      293.17666      293.17671
       10.7894672      0.9978E+00      0.9999E+00  0.18718793E-14      293.17611      293.17616
       11.0153931      0.9977E+00      0.9999E+00  0.18796751E-14      293.17558      293.17563
       11.2460497      0.9976E+00      0.9999E+00  0.18875670E-14      293.17506      293.17510
       11.4815362      0.9975E+00      0.9999E+00  0.18954944E-14      293.17455      293.17459
       11.7219537      0.9974E+00      0.9999E+00  0.19036275E-14      293.17404      293.17408
       11.9674053      0.9972E+00      0.9999E+00  0.19117902E-14      293.17355      293.17359
       12.2179966      0.9971E+00      0.9999E+00  0.19200366E-14      293.17306      293.17311
       12.4738351      0.9969E+00      0.9999E+00  0.19283609E-14      293.17259      293.17263
       12.7350308      0.9968E+00      0.9998E+00  0.19367596E-14      293.17213      293.17217
       13.0016958      0.9966E+00      0.9998E+00  0.19452280E-14      293.17167      293.17172
       13.2739446      0.9964E+00      0.9998E+00  0.19537606E-14      293.17123      293.17127
       13.5518941      0.9963E+00      0.9998E+00  0.19623511E-14      293.17079      293.17084
       13.8356638      0.9961E+00      0.9998E+00  0.19709810E-14      293.17037      293.17041
       14.1253754      0.9959E+00      0.9998E+00  0.19796849E-14      293.16995      293.16999
       14.4211535      0.9956E+00      0.9998E+00  0.19883917E-14      293.16954      293.16958
       14.7231250      0.9954E+00      0.9998E+00  0.19971789E-14      293.16914      293.16918
       15.0314197      0.9952E+00      0.9998E+00  0.20059586E-14      293.16875      293.16879
       15.3461698      0.9949E+00      0.9998E+00  0.20147822E-14      293.16837      293.16840
       15.6675107      0.9946E+00      0.9998E+00  0.20236078E-14      293.16799      293.16803
       15.9955803      0.9943E+00      0.9998E+00  0.20324358E-14      293.16762      293.16766
       16.3305195      0.9940E+00      0.9998E+00  0.20412746E-14      293.16726      293.16730
       16.6724721      0.9937E+00      0.9998E+00  0.20500976E-14      293.16691      293.16694
       17.0215851      0.9934E+00      0.9998E+00  0.20589239E-14      293.16656      293.16659
       17.3780083      0.9930E+00      0.9998E+00  0.20677274E-14      293.16622      293.16625
       17.7418948      0.9926E+00      0.9998E+00  0.20765004E-14      293.16589      293.16592
       18.1134009      0.9922E+00      0.9998E+00  0.20852708E-14      293.16556      293.16559
       18.4926862      0.9918E+00      0.9998E+00  0.20940037E-14      293.16524      293.16527
       18.8799135      0.9913E+00      0.9998E+00  0.21027068E-14      293.16493      293.16496
       19.2752491      0.9908E+00      0.9998E+00  0.21113799E-14      293.16463      293.16466
       19.6788629      0.9903E+00      0.9998E+00  0.21200207E-14      293.16433      293.16435
       20.0909281      0.9898E+00      0.9998E+00  0.21286303E-14      293.16403      293.16406
       20.5116218      0.9892E+00      0.9997E+00  0.21372106E-14      293.16375      293.16377
       20.9411246      0.9886E+00      0.9997E+00  0.21457624E-14      293.16346      293.16349
       21.3796209      0.9879E+00      0.9997E+00  0.21542892E-14      293.16319      293.16321
       21.8272991      0.9872E+00      0.9997E+00  0.21627950E-14      293.16292      293.16294
       22.2843515      0.9865E+00      0.9997E+00  0.21712838E-14      293.16265      293.16268
       22.7509743      0.9857E+00      0.9997E+00  0.21797048E-14      293.16240      293.16242
       23.2273680      0.9849E+00      0.9997E+00  0.21882459E-14      293.16214      293.16216
       23.7137371      0.9840E+00      0.9997E+00  0.21967320E-14      293.16189      293.16191
       24.2102905      0.9831E+00      0.9997E+00  0.22052261E-14      293.16165      293.16167
       24.7172415      0.9821E+00      0.9997E+00  0.22137360E-14      293.16141      293.16143
       25.2348077      0.9810E+00      0.9997E+00  0.22222662E-14      293.16118      293.16120
       25.7632116      0.9799E+00      0.9997E+00  0.22308222E-14      293.16095      293.16097
       26.3026799      0.9787E+00      0.9997E+00  0.22394127E-14      293.16072      293.16074
       26.8534445      0.9774E+00      0.9997E+00  0.22480422E-14      293.16050      293.16052
       27.4157417      0.9760E+00      0.9996E+00  0.22567139E-14      293.16029      293.16031
       27.9898132      0.9746E+00      0.9996E+00  0.22654353E-14      293.16008      293.16010
       28.5759054      0.9730E+00      0.9996E+00  0.22742106E-14      293.15987      293.15989
       29.1742701      0.9714E+00      0.9996E+00  0.22830460E-14      293.15967      293.15969
       29.7851643      0.9696E+00      0.9996E+00  0.22919391E-14      293.15947      293.15949
       30.4088503      0.9678E+00      0.9996E+00  0.23009106E-14      293.15927      293.15929
       31.0455959      0.9658E+00      0.9996E+00  0.23099429E-14      293.15908      293.15910
       31.6956746      0.9637E+00      0.9996E+00  0.23190620E-14      293.15890      293.15892
       32.3593657      0.9615E+00      0.9996E+00  0.23282559E-14      293.15871      293.15873
       33.0369541      0.9591E+00      0.9996E+00  0.23375304E-14      293.15854      293.15855
       33.7287309      0.9566E+00      0.9996E+00  0.23468714E-14      293.15836      293.15838
       34.4349931      0.9539E+00      0.9995E+00  0.23563415E-14      293.15819      293.15821
       35.1560441      0.9510E+00      0.9995E+00  0.23658804E-14      293.15802      293.15804
       35.8921935      0.9480E+00      0.9995E+00  0.23755152E-14      293.15786      293.15787
       36.6437575      0.9448E+00      0.9995E+00  0.23851741E-14      293.15770      293.15771
       37.4110588      0.9413E+00      0.9995E+00  0.23950736E-14      293.15754      293.15755
       38.1944271      0.9377E+00      0.9995E+00  0.24050036E-14      293.15738      293.15740
       38.9941987      0.9339E+00      0.9995E+00  0.24150362E-14      293.15723      293.15725
       39.8107171      0.9298E+00      0.9995E+00  0.24251750E-14      293.15708      293.15710
       40.6443329      0.9254E+00      0.9994E+00  0.24354684E-14      293.17148      293.15695
       41.4954043      0.9208E+00      0.9994E+00  0.24458708E-14      293.17080      293.15681
       42.3642966      0.9159E+00      0.9994E+00  0.24563711E-14      293.17118      293.15667
       43.2513831      0.9107E+00      0.9994E+00  0.24669762E-14      293.17089      293.15653
       44.1570447      0.9053E+00      0.9994E+00  0.24776933E-14      293.16801      293.15640
       45.0816705      0.8995E+00      0.9994E+00  0.24885221E-14      293.17052      293.15627
       46.0256574      0.8934E+00      0.9994E+00  0.24994769E-14      293.16841      293.15614
       46.9894109      0.8869E+00      0.9994E+00  0.25105527E-14      293.16949      293.15601
       47.9733449      0.8801E+00      0.9993E+00  0.25217561E-14      293.16961      293.15589
       48.9778819      0.8729E+00      0.9993E+00  0.25330911E-14      293.16925      293.15577
       50.0034535      0.8653E+00      0.9993E+00  0.25445626E-14      293.16889      293.15565
       51.0505000      0.8573E+00      0.9993E+00  0.25561728E-14      293.16961      293.15554
       52.1194711      0.8489E+00      0.9993E+00  0.25679266E-14      293.16920      293.15542
       53.2108259      0.8401E+00      0.9993E+00  0.25798265E-14      293.16820      293.15531
       54.3250331      0.8308E+00      0.9992E+00  0.25918770E-14      293.16715      293.15520
       55.4625713      0.8211E+00      0.9992E+00  0.26040819E-14      293.16623      293.15510
       56.6239289      0.8109E+00      0.9992E+00  0.26164450E-14      293.16503      293.15499
       57.8096047      0.8003E+00      0.9992E+00  0.26289705E-14      293.16354      293.15489
       59.0201080      0.7891E+00      0.9992E+00  0.26416613E-14      293.16263      293.15479
       60.2559586      0.7775E+00      0.9991E+00  0.26545230E-14      293.16199      293.15469
       61.5176873      0.7654E+00      0.9991E+00  0.26675594E-14      293.16400      293.15459
       62.8058359      0.7527E+00      0.9991E+00  0.26807743E-14      293.16246      293.15450
       64.1209577      0.7396E+00      0.9991E+00  0.26941719E-14      293.16212      293.15441
       65.4636174      0.7260E+00      0.9990E+00  0.27077558E-14      293.16235      293.15432
       66.8343918      0.7118E+00      0.9990E+00  0.27215300E-14      293.16414      293.15423
       68.2338694      0.6971E+00      0.9990E+00  0.27354969E-14      293.16341      293.15414
       69.6626514      0.6820E+00      0.9990E+00  0.27496669E-14      293.16224      293.15406
       71.1213514      0.6664E+00      0.9989E+00  0.27640376E-14      293.16122      293.15397
       72.6105957      0.6503E+00      0.9989E+00  0.27786153E-14      293.16475      293.15389
       74.1310241      0.6337E+00      0.9989E+00  0.27933898E-14      293.16175      293.15381
       75.6832895      0.6167E+00      0.9989E+00  0.28084080E-14      293.16250      293.15374
       77.2680585      0.5993E+00      0.9988E+00  0.28236285E-14      293.16182      293.15366
       78.8860118      0.5816E+00      0.9988E+00  0.28390777E-14      293.16382      293.15358
       80.5378441      0.5634E+00      0.9988E+00  0.28547514E-14      293.16087      293.15351
       82.2242650      0.5450E+00      0.9988E+00  0.28706556E-14      293.16077      293.15344
       83.9459987      0.5262E+00      0.9987E+00  0.28867960E-14      293.16161      293.15337
       85.7037845      0.5073E+00      0.9987E+00  0.29031744E-14      293.16153      293.15330
       87.4983775      0.4881E+00      0.9987E+00  0.29197911E-14      293.16087      293.15323
       89.3305484      0.4688E+00      0.9986E+00  0.29366517E-14      293.16119      293.15316
       91.2010839      0.4494E+00      0.9986E+00  0.29537658E-14      293.16123      293.15310
       93.1107875      0.4300E+00      0.9986E+00  0.29711308E-14      293.16057      293.15304
       95.0604794      0.4105E+00      0.9985E+00  0.29887414E-14      293.16085      293.15297
       97.0509967      0.3912E+00      0.9985E+00  0.30066077E-14      293.16071      293.15291
       99.0831945      0.3719E+00      0.9984E+00  0.30246554E-14      293.16342      293.15285
      101.1579454      0.3529E+00      0.9984E+00  0.30429344E-14      293.16037      293.15279
      103.2761406      0.3341E+00      0.9984E+00  0.30612651E-14      293.16003      293.15274
      105.4386896      0.3156E+00      0.9983E+00  0.30797558E-14      293.16128      293.15268
      107.6465214      0.2974E+00      0.9983E+00  0.30984373E-14      293.16265      293.15263
      109.9005839      0.2797E+00      0.9982E+00  0.31173161E-14      293.16232      293.15257
      112.2018454      0.2624E+00      0.9982E+00  0.31364998E-14      293.16035      293.15252
      114.5512941      0.2457E+00      0.9982E+00  0.31557989E-14      293.16062      293.15247
      116.9499391      0.2294E+00      0.9981E+00  0.31752157E-14      293.16000      293.15242
      119.3988104      0.2138E+00      0.9981E+00  0.31949149E-14      293.16196      293.15237
      121.8989599      0.1988E+00      0.9980E+00  0.32148139E-14      293.16020      293.15232
      124.4514612      0.1845E+00      0.9980E+00  0.32348351E-14      293.16006      293.15227
      127.0574105      0.1708E+00      0.9979E+00  0.32550595E-14      293.15958      293.15223
      129.7179271      0.1579E+00      0.9979E+00  0.32753713E-14      293.16069      293.15218
      132.4341535      0.1456E+00      0.9978E+00  0.32959268E-14      293.16151      293.15213
      135.2072563      0.1341E+00      0.9978E+00  0.33165522E-14      293.16033      293.15209
      138.0384265      0.1232E+00      0.9977E+00  0.33374017E-14      293.15960      293.15205
      140.9288798      0.1131E+00      0.9976E+00  0.33583355E-14      293.16053      293.15201
      143.8798578      0.1036E+00      0.9976E+00  0.33793452E-14      293.16182      293.15196
      146.8926278      0.9484E-01      0.9975E+00  0.34004725E-14      293.16132      293.15192
      149.9684836      0.8671E-01      0.9975E+00  0.34217494E-14      293.16043      293.15189
      153.1087462      0.7919E-01      0.9974E+00  0.34430213E-14      293.16118      293.15185
      156.3147643      0.7227E-01      0.9973E+00  0.34644191E-14      293.15945      293.15181
      159.5879147      0.6591E-01      0.9973E+00  0.34858430E-14      293.15969      293.15177
      162.9296033      0.6007E-01      0.9972E+00  0.35072601E-14      293.15945      293.15174
      166.3412650      0.5473E-01      0.9971E+00  0.35286913E-14      293.16197      293.15170
      169.8243652      0.4984E-01      0.9970E+00  0.35501810E-14      293.15961      293.15166
      173.3803998      0.4537E-01      0.9970E+00  0.35715611E-14      293.16157      293.15163
      177.0108958      0.4128E-01      0.9969E+00  0.35929373E-14      293.16122      293.15160
      180.7174126      0.3755E-01      0.9968E+00  0.36142159E-14      293.16216      293.15156
      184.5015419      0.3413E-01      0.9967E+00  0.36354461E-14      293.16175      293.15153
      188.3649089      0.3100E-01      0.9966E+00  0.36565214E-14      293.16160      293.15150
      192.3091729      0.2814E-01      0.9966E+00  0.36775027E-14      293.16092      293.15147
      196.3360277      0.2551E-01      0.9965E+00  0.36982554E-14      293.15962      293.15144
      200.4472027      0.2310E-01      0.9964E+00  0.37188765E-14      293.15916      293.15141
      204.6444637      0.2088E-01      0.9963E+00  0.37392040E-14      293.16050      293.15138
      208.9296131      0.1884E-01      0.9962E+00  0.37594285E-14      293.15974      293.15135
      213.3044913      0.1696E-01      0.9961E+00  0.37793173E-14      293.16144      293.15133
      217.7709772      0.1522E-01      0.9960E+00  0.37989255E-14      293.16043      293.15130
      222.3309891      0.1363E-01      0.9959E+00  0.38182039E-14      293.16003      293.15127
      226.9864852      0.1216E-01      0.9958E+00  0.38371636E-14      293.15969      293.15125
      231.7394650      0.1081E-01      0.9957E+00  0.38557193E-14      293.15966      293.15122
      236.5919697      0.9575E-02      0.9956E+00  0.38738998E-14      293.16088      293.15119
      241.5460834      0.8443E-02      0.9954E+00  0.38916459E-14      293.15884      293.15117
      246.6039337      0.7412E-02      0.9953E+00  0.39089818E-14      293.16082      293.15115
      251.7676928      0.6475E-02      0.9952E+00  0.39258394E-14      293.16020      293.15112
      257.0395783      0.5628E-02      0.9951E+00  0.39422255E-14      293.15982      293.15110
      262.4218543      0.4865E-02      0.9950E+00  0.39580491E-14      293.16225      293.15108
      267.9168325      0.4181E-02      0.9948E+00  0.39733909E-14      293.16103      293.15106
      273.5268726      0.3573E-02      0.9947E+00  0.39881315E-14      293.16197      293.15103
      279.2543841      0.3034E-02      0.9946E+00  0.40023497E-14      293.15963      293.15101
      285.1018268      0.2560E-02      0.9944E+00  0.40159295E-14      293.15961      293.15099
      291.0717118      0.2145E-02      0.9943E+00  0.40289523E-14      293.15902      293.15097
      297.1666032      0.1786E-02      0.9941E+00  0.40413647E-14      293.15896      293.15095
      303.3891184      0.1476E-02      0.9940E+00  0.40530996E-14      293.15912      293.15093
      309.7419299      0.1211E-02      0.9938E+00  0.40642462E-14      293.15915      293.15091
      316.2277660      0.9857E-03      0.9937E+00  0.40747558E-14      293.15880      293.15089
      322.8494122      0.7964E-03      0.9935E+00  0.40846155E-14      293.15907      293.15088
      329.6097122      0.6383E-03      0.9934E+00  0.40938810E-14      293.16001      293.15086
      336.5115694      0.5074E-03      0.9932E+00  0.41024434E-14      293.15878      293.15084
      343.5579479      0.3999E-03      0.9930E+00  0.41103601E-14      293.16121      293.15082
      350.7518740      0.3125E-03      0.9928E+00  0.41176922E-14      293.15892      293.15081
      358.0964371      0.2421E-03      0.9927E+00  0.41243861E-14      293.15885      293.15079
      365.5947916      0.1858E-03      0.9925E+00  0.41304571E-14      293.16203      293.15077
      373.2501578      0.1413E-03      0.9923E+00  0.41359090E-14      293.15879      293.15076
      381.0658234      0.1065E-03      0.9921E+00  0.41408233E-14      293.15834      293.15074
      389.0451450      0.7941E-04      0.9919E+00  0.41451477E-14      293.15897      293.15073
      397.1915495      0.5866E-04      0.9917E+00  0.41488849E-14      293.15908      293.15071
      405.5085354      0.4289E-04      0.9915E+00  0.41520933E-14      293.15864      293.15070
      413.9996748      0.3103E-04      0.9913E+00  0.41547578E-14      293.15900      293.15068
      422.6686143      0.2222E-04      0.9910E+00  0.41569472E-14      293.16028      293.15067
      431.5190768      0.1574E-04      0.9908E+00  0.41586148E-14      293.15875      293.15066
      440.5548635      0.1102E-04      0.9906E+00  0.41598496E-14      293.15953      293.15064
      449.7798549      0.7633E-05      0.9904E+00  0.41606381E-14      293.16051      293.15063
      459.1980128      0.5226E-05      0.9901E+00  0.41610471E-14      293.15926      293.15062
      468.8133821      0.3536E-05      0.9899E+00  0.41610795E-14      293.15887      293.15060
      478.6300923      0.2364E-05      0.9896E+00  0.41606822E-14      293.15936      293.15059
      488.6523593      0.1561E-05      0.9894E+00  0.41598938E-14      293.15917      293.15058
      498.8844875      0.1018E-05      0.9891E+00  0.41588113E-14      293.16007      293.15057
      509.3308711      0.6554E-06      0.9888E+00  0.41574129E-14      293.16156      293.15056
      519.9959965      0.4164E-06      0.9886E+00  0.41557443E-14      293.16341      293.15054
      530.8844442      0.2610E-06      0.9883E+00  0.41537990E-14      293.16475      293.15053
      542.0008904      0.1614E-06      0.9880E+00  0.41515803E-14      293.16469      293.15052
      553.3501092      0.9846E-07      0.9877E+00  0.41490868E-14      293.16466      293.15051
      564.9369748      0.5922E-07      0.9874E+00  0.41463817E-14      293.16515      293.15050
      576.7664634      0.3512E-07      0.9871E+00  0.41434246E-14      293.16466      293.15049
      588.8436554      0.2053E-07      0.9868E+00  0.41401774E-14      293.16486      293.15048
      601.1737375      0.1183E-07      0.9865E+00  0.41367635E-14      293.16481      293.15047
      613.7620052      0.6712E-08      0.9861E+00  0.41331451E-14      293.16532      293.15046
      626.6138647      0.3751E-08      0.9858E+00  0.41293263E-14      293.16406      293.15045
      639.7348355      0.2064E-08      0.9855E+00  0.41253252E-14      293.16529      293.15044
      653.1305526      0.1118E-08      0.9851E+00  0.41211448E-14      293.16467      293.15043
      666.8067692      0.5960E-09      0.9848E+00  0.41168540E-14      293.16429      293.15042
      680.7693587      0.3125E-09      0.9844E+00  0.41123447E-14      293.16385      293.15042
      695.0243176      0.1612E-09      0.9840E+00  0.41076838E-14      293.16446      293.15041
      709.5777680      0.8170E-10      0.9837E+00  0.41028748E-14      293.16431      293.15040
      724.4359601      0.4071E-10      0.9833E+00  0.40979145E-14      293.16401      293.15039
      739.6052751      0.1993E-10      0.9829E+00  0.40928861E-14      293.16488      293.15038
      755.0922277      0.9580E-11      0.9825E+00  0.40876630E-14      293.16414      293.15037
      770.9034691      0.4522E-11      0.9821E+00  0.40823070E-14      293.16380      293.15037
      787.0457897      0.2095E-11      0.9816E+00  0.40768194E-14      293.16525      293.15036
      803.5261222      0.9521E-12      0.9812E+00  0.40712569E-14      293.16423      293.15035
      820.3515443      0.4244E-12      0.9808E+00  0.40655491E-14      293.16514      293.15034
      837.5292821      0.1855E-12      0.9803E+00  0.40596956E-14      293.16414      293.15034
      855.0667129      0.7941E-13      0.9799E+00  0.40537223E-14      293.16279      293.15033
      872.9713684      0.3331E-13      0.9794E+00  0.40476315E-14      293.16505      293.15032
      891.2509381      0.1368E-13      0.9789E+00  0.40414191E-14      293.16453      293.15032
      909.9132726      0.5500E-14      0.9784E+00  0.40350827E-14      293.16388      293.15031
      928.9663868      0.2163E-14      0.9779E+00  0.40286985E-14      293.16370      293.15030
      948.4184633      0.8318E-15      0.9774E+00  0.40221256E-14      293.16397      293.15030
      968.2778563      0.3127E-15      0.9769E+00  0.40154328E-14      293.16365      293.15029
      988.5530947      0.1148E-15      0.9764E+00  0.40086195E-14      293.16479      293.15029
     1009.2528861      0.4118E-16      0.9758E+00  0.40016857E-14      293.16478      293.15028
     1030.3861204      0.1441E-16      0.9753E+00  0.39946313E-14      293.16486      293.15027
     1051.9618738      0.4920E-17      0.9747E+00  0.39873828E-14      293.16511      293.15027
     1073.9894123      0.1638E-17      0.9742E+00  0.39800749E-14      293.16369      293.15026
     1096.4781961      0.5313E-18      0.9736E+00  0.39726429E-14      293.16362      293.15026
     1119.4378835      0.1678E-18      0.9730E+00  0.39650882E-14      293.16452      293.15025
     1142.8783348      0.5160E-19      0.9724E+00  0.39574037E-14      293.16498      293.15025
     1166.8096171      0.1543E-19      0.9718E+00  0.39495204E-14      293.16440      293.15024
     1191.2420080      0.4487E-20      0.9711E+00  0.39415669E-14      293.16415      293.15024
     1216.1860006      0.1268E-20      0.9705E+00  0.39334882E-14      293.16484      293.15023
     1241.6523076      0.3477E-21      0.9698E+00  0.39251913E-14      293.16488      293.15023
     1267.6518659      0.9253E-22      0.9691E+00  0.39168419E-14      293.16472      293.15022
     1294.1958414      0.2388E-22      0.9684E+00  0.39083474E-14      293.16470      293.15022
     1321.2956342      0.5971E-23      0.9677E+00  0.38996505E-14      293.16476      293.15021
     1348.9628826      0.1446E-23      0.9670E+00  0.38908006E-14      293.16339      293.15021
     1377.2094689      0.3387E-24      0.9663E+00  0.38818957E-14      293.16480      293.15021
     1406.0475241      0.7672E-25      0.9656E+00  0.38727570E-14      293.16456      293.15020
     1435.4894334      0.1679E-25      0.9648E+00  0.38635492E-14      293.16359      293.15020
     1465.5478410      0.3546E-26      0.9640E+00  0.38541162E-14      293.16439      293.15019
     1496.2356561      0.7224E-27      0.9632E+00  0.38445424E-14      293.16465      293.15019
     1527.5660582      0.1418E-27      0.9624E+00  0.38348059E-14      293.16464      293.15019
     1559.5525028      0.2681E-28      0.9616E+00  0.38249704E-14      293.16452      293.15018
     1592.2087271      0.4876E-29      0.9608E+00  0.38149457E-14      293.16437      293.15018
     1625.5487558      0.1000E-29      0.9599E+00  0.38047425E-14      293.16433      293.15017
     1659.5869074      0.1000E-29      0.9590E+00  0.37943769E-14      293.16440      293.15017
     1694.3378004      0.1000E-29      0.9581E+00  0.37838480E-14      293.16447      293.15017
     1729.8163592      0.1000E-29      0.9572E+00  0.37731558E-14      293.16424      293.15016
     1766.0378207      0.1000E-29      0.9563E+00  0.37622746E-14      293.16458      293.15016
     1803.0177409      0.1000E-29      0.9553E+00  0.37511607E-14      293.16430      293.15016
     1840.7720015      0.1000E-29      0.9544E+00  0.37399570E-14      293.16381      293.15015
     1879.3168168      0.1000E-29      0.9534E+00  0.37285812E-14      293.16440      293.15015
     1918.6687407      0.1000E-29      0.9524E+00  0.37170198E-14      293.16476      293.15015
     1958.8446735      0.1000E-29      0.9514E+00  0.37051977E-14      293.16382      293.15014
     1999.8618696      0.1000E-29      0.9503E+00  0.36932892E-14      293.16422      293.15014
     2041.7379447      0.1000E-29      0.9493E+00  0.36811792E-14      293.16314      293.15014
     2084.4908831      0.1000E-29      0.9482E+00  0.36688126E-14      293.16417      293.15014
     2128.1390460      0.1000E-29      0.9471E+00  0.36563277E-14      293.16378      293.15013
     2172.7011789      0.1000E-29      0.9459E+00  0.36435824E-14      293.16459      293.15013
     2218.1964198      0.1000E-29      0.9448E+00  0.36307079E-14      293.16423      293.15013
     2264.6443076      0.1000E-29      0.9436E+00  0.36175648E-14      293.16345      293.15012
     2312.0647902      0.1000E-29      0.9424E+00  0.36042181E-14      293.16390      293.15012
     2360.4782332      0.1000E-29      0.9412E+00  0.35906770E-14      293.16422      293.15012
     2409.9054287      0.1000E-29      0.9399E+00  0.35770066E-14      293.16432      293.15012
     2460.3676041      0.1000E-29      0.9387E+00  0.35630293E-14      293.16403      293.15011
     2511.8864315      0.1000E-29      0.9374E+00  0.35488460E-14      293.16377      293.15011
     2564.4840365      0.1000E-29      0.9361E+00  0.35344588E-14      293.16366      293.15011
     2618.1830082      0.1000E-29      0.9347E+00  0.35198483E-14      293.16370      293.15011
     2673.0064087      0.1000E-29      0.9333E+00  0.35050297E-14      293.16393      293.15011
     2728.9777828      0.1000E-29      0.9319E+00  0.34899871E-14      293.16408      293.15010
     2786.1211686      0.1000E-29      0.9305E+00  0.34747221E-14      293.16397      293.15010
     2844.4611074      0.1000E-29      0.9291E+00  0.34592340E-14      293.16432      293.15010
     2904.0226545      0.1000E-29      0.9276E+00  0.34434975E-14      293.16446      293.15010
     2964.8313895      0.1000E-29      0.9261E+00  0.34275376E-14      293.16342      293.15010
     3026.9134281      0.1000E-29      0.9245E+00  0.34112631E-14      293.16405      293.15009
     3090.2954325      0.1000E-29      0.9230E+00  0.33948181E-14      293.16422      293.15009
     3155.0046234      0.1000E-29      0.9214E+00  0.33781355E-14      293.16377      293.15009
     3221.0687913      0.1000E-29      0.9197E+00  0.33611311E-14      293.16441      293.15009
     3288.5163088      0.1000E-29      0.9181E+00  0.33439424E-14      293.16366      293.15009
     3357.3761424      0.1000E-29      0.9164E+00  0.33264237E-14      293.16389      293.15008
     3427.6778655      0.1000E-29      0.9147E+00  0.33087417E-14      293.16388      293.15008
     3499.4516703      0.1000E-29      0.9129E+00  0.32906970E-14      293.16453      293.15008
     3572.7283815      0.1000E-29      0.9111E+00  0.32724783E-14      293.16398      293.15008
     3647.5394693      0.1000E-29      0.9093E+00  0.32539272E-14      293.16386      293.15008
     3723.9170625      0.1000E-29      0.9075E+00  0.32350881E-14      293.16181      293.15008
     3801.8939632      0.1000E-29      0.9056E+00  0.32160261E-14      293.16416      293.15007
     3881.5036599      0.1000E-29      0.9036E+00  0.31966918E-14      293.16431      293.15007
     3962.7803426      0.1000E-29      0.9017E+00  0.31770487E-14      293.16392      293.15007
     4045.7589170      0.1000E-29      0.8997E+00  0.31571028E-14      293.16372      293.15007
     4130.4750199      0.1000E-29      0.8976E+00  0.31368714E-14      293.16376      293.15007
     4216.9650343      0.1000E-29      0.8956E+00  0.31163581E-14      293.16372      293.15007
     4305.2661049      0.1000E-29      0.8934E+00  0.30955485E-14      293.16375      293.15007
     4395.4161544      0.1000E-29      0.8913E+00  0.30744366E-14      293.16392      293.15006
     4487.4538993      0.1000E-29      0.8891E+00  0.30530235E-14      293.16344      293.15006
     4581.4188671      0.1000E-29      0.8869E+00  0.30313158E-14      293.16430      293.15006
     4677.3514129      0.1000E-29      0.8846E+00  0.30092937E-14      293.16295      293.15006
     4775.2927366      0.1000E-29      0.8823E+00  0.29868673E-14      293.16382      293.15006
     4875.2849010      0.1000E-29      0.8799E+00  0.29642346E-14      293.16397      293.15006
     4977.3708498      0.1000E-29      0.8775E+00  0.29412630E-14      293.16416      293.15006
     5081.5944256      0.1000E-29      0.8751E+00  0.29179738E-14      293.16376      293.15006
     5188.0003893      0.1000E-29      0.8726E+00  0.28942560E-14      293.16334      293.15005
     5296.6344389      0.1000E-29      0.8700E+00  0.28703169E-14      293.16333      293.15005
     5407.5432295      0.1000E-29      0.8675E+00  0.28459507E-14      293.16400      293.15005
     5520.7743928      0.1000E-29      0.8648E+00  0.28213018E-14      293.16289      293.15005
     5636.3765583      0.1000E-29      0.8622E+00  0.27962400E-14      293.16328      293.15005
     5754.3993734      0.1000E-29      0.8595E+00  0.27709481E-14      293.16361      293.15005
     5874.8935253      0.1000E-29      0.8567E+00  0.27451777E-14      293.16399      293.15005
     5997.9107626      0.1000E-29      0.8539E+00  0.27191553E-14      293.16387      293.15005
     6123.5039172      0.1000E-29      0.8510E+00  0.26926963E-14      293.16353      293.15005
     6251.7269278      0.1000E-29      0.8481E+00  0.26658608E-14      293.16419      293.15005
     6382.6348619      0.1000E-29      0.8451E+00  0.26387274E-14      293.16377      293.15004
     6516.2839406      0.1000E-29      0.8421E+00  0.26111915E-14      293.16388      293.15004
     6652.7315620      0.1000E-29      0.8391E+00  0.25832375E-14      293.16336      293.15004
     6792.0363262      0.1000E-29      0.8359E+00  0.25549310E-14      293.16357      293.15004
     6934.2580602      0.1000E-29      0.8328E+00  0.25262209E-14      293.16334      293.15004
     7079.4578438      0.1000E-29      0.8295E+00  0.24971152E-14      293.16315      293.15004
     7227.6980360      0.1000E-29      0.8263E+00  0.24676108E-14      293.16282      293.15004
     7379.0423013      0.1000E-29      0.8229E+00  0.24377335E-14      293.16272      293.15004
     7533.5556373      0.1000E-29      0.8195E+00  0.24074593E-14      293.16304      293.15004
     7691.3044029      0.1000E-29      0.8161E+00  0.23767709E-14      293.16332      293.15004
     7852.3563461      0.1000E-29      0.8126E+00  0.23456306E-14      293.16369      293.15004
     8016.7806339      0.1000E-29      0.8090E+00  0.23141139E-14      293.16354      293.15004
     8184.6478813      0.1000E-29      0.8054E+00  0.22821814E-14      293.16307      293.15003
     8356.0301823      0.1000E-29      0.8017E+00  0.22498245E-14      293.16372      293.15003
     8531.0011402      0.1000E-29      0.7980E+00  0.22170942E-14      293.16222      293.15003
     8709.6358996      0.1000E-29      0.7942E+00  0.21839692E-14      293.16326      293.15003
     8892.0111786      0.1000E-29      0.7903E+00  0.21504000E-14      293.16299      293.15003
     9078.2053018      0.1000E-29      0.7864E+00  0.21164371E-14      293.16101      293.15003
     9268.2982338      0.1000E-29      0.7824E+00  0.20820030E-14      293.16338      293.15003
     9462.3716137      0.1000E-29      0.7783E+00  0.20471684E-14      293.16377      293.15003
     9660.5087899      0.1000E-29      0.7742E+00  0.20118897E-14      293.16210      293.15003
     9862.7948563      0.1000E-29      0.7700E+00  0.19761123E-14      293.16311      293.15003
    10069.3166885      0.1000E-29      0.7658E+00  0.19398899E-14      293.16355      293.15003
    10280.1629813      0.1000E-29      0.7615E+00  0.19032238E-14      293.16339      293.15003
    10495.4242865      0.1000E-29      0.7571E+00  0.18661073E-14      293.16359      293.15003
    10715.1930524      0.1000E-29      0.7527E+00  0.18285293E-14      293.16337      293.15003
    10939.5636627      0.1000E-29      0.7482E+00  0.17904447E-14      293.16354      293.15003
    11168.6324778      0.1000E-29      0.7436E+00  0.17518867E-14      293.16334      293.15003
    11402.4978756      0.1000E-29      0.7390E+00  0.17128406E-14      293.16356      293.15002
    11641.2602941      0.1000E-29      0.7343E+00  0.16733208E-14      293.16326      293.15002
    11885.0222744      0.1000E-29      0.7295E+00  0.16333552E-14      293.16257      293.15002
    12133.8885046      0.1000E-29      0.7247E+00  0.15928476E-14      293.16355      293.15002
    12387.9658653      0.1000E-29      0.7198E+00  0.15518896E-14      293.16308      293.15002
    12647.3634747      0.1000E-29      0.7148E+00  0.15104037E-14      293.16256      293.15002
    12912.1927361      0.1000E-29      0.7098E+00  0.14683761E-14      293.16336      293.15002
    13182.5673856      0.1000E-29      0.7047E+00  0.14258839E-14      293.16339      293.15002
    13458.6035406      0.1000E-29      0.6995E+00  0.13829206E-14      293.16318      293.15002
    13740.4197501      0.1000E-29      0.6942E+00  0.13394370E-14      293.16195      293.15002
    14028.1370456      0.1000E-29      0.6889E+00  0.12954206E-14      293.16349      293.15002
    14321.8789927      0.1000E-29      0.6835E+00  0.12509278E-14      293.16311      293.15002
    14621.7717446      0.1000E-29      0.6781E+00  0.12058981E-14      293.16333      293.15002
    14927.9440958      0.1000E-29      0.6725E+00  0.11603502E-14      293.16312      293.15002
    15240.5275380      0.1000E-29      0.6669E+00  0.11142986E-14      293.16232      293.15002
    15559.6563161      0.1000E-29      0.6613E+00  0.10677359E-14      293.16329      293.15002
    15885.4674860      0.1000E-29      0.6555E+00  0.10206863E-14      293.16336      293.15002
    16218.1009736      0.1000E-29      0.6497E+00  0.97316496E-15      293.16325      293.15002
    16557.6996347      0.1000E-29      0.6438E+00  0.92511739E-15      293.16244      293.15002
    16904.4093164      0.1000E-29      0.6379E+00  0.87657073E-15      293.16320      293.15002
    17258.3789199      0.1000E-29      0.6319E+00  0.82756646E-15      293.16268      293.15002
    17619.7604641      0.1000E-29      0.6258E+00  0.77808154E-15      293.16306      293.15002
    17988.7091513      0.1000E-29      0.6197E+00  0.72818019E-15      293.16290      293.15002
    18365.3834335      0.1000E-29      0.6135E+00  0.67790542E-15      293.16274      293.15002
    18749.9450807      0.1000E-29      0.6072E+00  0.62717655E-15      293.16329      293.15002
    19142.5592502      0.1000E-29      0.6008E+00  0.57610027E-15      293.16306      293.15001
    19543.3945578      0.1000E-29      0.5944E+00  0.52475651E-15      293.16269      293.15001
    19952.6231497      0.1000E-29      0.5879E+00  0.47312686E-15      293.16288      293.15001
    20370.4207771      0.1000E-29      0.5814E+00  0.42132740E-15      293.16283      293.15001
    20796.9668710      0.1000E-29      0.5748E+00  0.36950421E-15      293.16319      293.15001
    21232.4446200      0.1000E-29      0.5681E+00  0.31774538E-15      293.16232      293.15001
    21677.0410482      0.1000E-29      0.5614E+00  0.26631032E-15      293.16278      293.15001
    22130.9470961      0.1000E-29      0.5546E+00  0.21545221E-15      293.16269      293.15001
    22594.3577022      0.1000E-29      0.5478E+00  0.16561801E-15      293.16267      293.15001
    23067.4718872      0.1000E-29      0.5409E+00  0.11754760E-15      293.16269      293.15001
    23550.4928390      0.1000E-29      0.5339E+00  0.72383626E-16      293.16314      293.15001
    24043.6280001      0.1000E-29      0.5269E+00  0.32464955E-16      293.16276      293.15001
    24547.0891569      0.1000E-29      0.5198E+00  0.35390713E-17      293.16253      293.15001
    25061.0925303      0.1000E-29      0.5126E+00  0.00000000E+00      293.16222      293.15001
    25585.8588691      0.1000E-29      0.5054E+00  0.00000000E+00      293.16253      293.15001
    26121.6135440      0.1000E-29      0.4981E+00  0.00000000E+00      293.16285      293.15001
    26668.5866452      0.1000E-29      0.4908E+00  0.00000000E+00      293.16253      293.15001
    27227.0130808      0.1000E-29      0.4833E+00  0.00000000E+00      293.16273      293.15001
    27797.1326776      0.1000E-29      0.4758E+00  0.00000000E+00      293.16294      293.15001
    28379.1902844      0.1000E-29      0.4683E+00  0.00000000E+00      293.16286      293.15001
    28973.4358770      0.1000E-29      0.4607E+00  0.00000000E+00      293.16274      293.15001
    29580.1246655      0.1000E-29      0.4530E+00  0.00000000E+00      293.16285      293.15001
    30199.5172040      0.1000E-29      0.4453E+00  0.00000000E+00      293.16261      293.15001
    30831.8795025      0.1000E-29      0.4375E+00  0.00000000E+00      293.16266      293.15001
    31477.4831410      0.1000E-29      0.4297E+00  0.00000000E+00      293.16271      293.15001
    32136.6053864      0.1000E-29      0.4218E+00  0.00000000E+00      293.16237      293.15001
    32809.5293113      0.1000E-29      0.4139E+00  0.00000000E+00      293.16285      293.15001
    33496.5439158      0.1000E-29      0.4060E+00  0.00000000E+00      293.16286      293.15001
    34197.9442514      0.1000E-29      0.3981E+00  0.00000000E+00      293.16269      293.15001
    34914.0315479      0.1000E-29      0.3901E+00  0.00000000E+00      293.16288      293.15001
    35645.1133426      0.1000E-29      0.3822E+00  0.00000000E+00      293.16274      293.15001
    36391.5036127      0.1000E-29      0.3742E+00  0.00000000E+00      293.16258      293.15001
    37153.5229097      0.1000E-29      0.3662E+00  0.00000000E+00      293.16236      293.15001
    37931.4984974      0.1000E-29      0.3582E+00  0.00000000E+00      293.16262      293.15001
    38725.7644922      0.1000E-29      0.3502E+00  0.00000000E+00      293.16274      293.15001
    39536.6620068      0.1000E-29      0.3422E+00  0.00000000E+00      293.16267      293.15001
    40364.5392968      0.1000E-29      0.3343E+00  0.00000000E+00      293.16245      293.15001
    41209.7519097      0.1000E-29      0.3263E+00  0.00000000E+00      293.16295      293.15001
    42072.6628384      0.1000E-29      0.3184E+00  0.00000000E+00      293.16267      293.15001
    42953.6426765      0.1000E-29      0.3105E+00  0.00000000E+00      293.16260      293.15001
    43853.0697775      0.1000E-29      0.3026E+00  0.00000000E+00      293.16237      293.15001
    44771.3304176      0.1000E-29      0.2948E+00  0.00000000E+00      293.16239      293.15001
    45708.8189615      0.1000E-29      0.2870E+00  0.00000000E+00      293.16266      293.15001
    46665.9380314      0.1000E-29      0.2793E+00  0.00000000E+00      293.16244      293.15001
    47643.0986805      0.1000E-29      0.2716E+00  0.00000000E+00      293.16247      293.15001
    48640.7205691      0.1000E-29      0.2639E+00  0.00000000E+00      293.16265      293.15001
    49659.2321450      0.1000E-29      0.2563E+00  0.00000000E+00      293.16166      293.15001
    50699.0708275      0.1000E-29      0.2488E+00  0.00000000E+00      293.16251      293.15001
    51760.6831951      0.1000E-29      0.2414E+00  0.00000000E+00      293.16263      293.15001
    52844.5251775      0.1000E-29      0.2340E+00  0.00000000E+00      293.16289      293.15001
    53951.0622515      0.1000E-29      0.2267E+00  0.00000000E+00      293.16272      293.15001
    55080.7696405      0.1000E-29      0.2195E+00  0.00000000E+00      293.16246      293.15001
    56234.1325190      0.1000E-29      0.2123E+00  0.00000000E+00      293.16248      293.15001
    57411.6462207      0.1000E-29      0.2053E+00  0.00000000E+00      293.16273      293.15000
    58613.8164514      0.1000E-29      0.1983E+00  0.00000000E+00      293.16260      293.15000
    59841.1595060      0.1000E-29      0.1915E+00  0.00000000E+00      293.16268      293.15000
    61094.2024906      0.1000E-29      0.1847E+00  0.00000000E+00      293.16272      293.15000
    62373.4835482      0.1000E-29      0.1781E+00  0.00000000E+00      293.16272      293.15000
    63679.5520908      0.1000E-29      0.1715E+00  0.00000000E+00      293.16267      293.15000
    65012.9690343      0.1000E-29      0.1651E+00  0.00000000E+00      293.16292      293.15000
    66374.3070402      0.1000E-29      0.1588E+00  0.00000000E+00      293.16248      293.15000
    67764.1507611      0.1000E-29      0.1526E+00  0.00000000E+00      293.16238      293.15000
    69183.0970919      0.1000E-29      0.1465E+00  0.00000000E+00      293.16254      293.15000
    70631.7554263      0.1000E-29      0.1405E+00  0.00000000E+00      293.16263      293.15000
    72110.7479183      0.1000E-29      0.1347E+00  0.00000000E+00      293.16249      293.15000
    73620.7097495      0.1000E-29      0.1290E+00  0.00000000E+00      293.16257      293.15000
    75162.2894018      0.1000E-29      0.1234E+00  0.00000000E+00      293.16262      293.15000
    76736.1489362      0.1000E-29      0.1179E+00  0.00000000E+00      293.16267      293.15000
    78342.9642766      0.1000E-29      0.1126E+00  0.00000000E+00      293.16247      293.15000
    79983.4255007      0.1000E-29      0.1075E+00  0.00000000E+00      293.16252      293.15000
    81658.2371359      0.1000E-29      0.1024E+00  0.00000000E+00      293.16255      293.15000
    83368.1184620      0.1000E-29      0.9751E-01  0.00000000E+00      293.16258      293.15000
    85113.8038202      0.1000E-29      0.9275E-01  0.00000000E+00      293.16259      293.15000
    86896.0429286      0.1000E-29      0.8812E-01  0.00000000E+00      293.16260      293.15000
    88715.6012038      0.1000E-29      0.8364E-01  0.00000000E+00      293.16261      293.15000
    90573.2600898      0.1000E-29      0.7930E-01  0.00000000E+00      293.16262      293.15000
    92469.8173938      0.1000E-29      0.7510E-01  0.00000000E+00      293.16262      293.15000
    94406.0876286      0.1000E-29      0.7104E-01  0.00000000E+00      293.16263      293.15000
    96382.9023624      0.1000E-29      0.6712E-01  0.00000000E+00      293.16263      293.15000
    98401.1105761      0.1000E-29      0.6335E-01  0.00000000E+00      293.16263      293.15000
   100461.5790278      0.1000E-29      0.5971E-01  0.00000000E+00      293.16263      293.15000
   102565.1926251      0.1000E-29      0.5621E-01  0.00000000E+00      293.16263      293.15000
   104712.8548051      0.1000E-29      0.5286E-01  0.00000000E+00      293.16263      293.15000
   106905.4879223      0.1000E-29      0.4963E-01  0.00000000E+00      293.16263      293.15000
   109144.0336449      0.1000E-29      0.4655E-01  0.00000000E+00      293.16263      293.15000
   111429.4533592      0.1000E-29      0.4359E-01  0.00000000E+00      293.16263      293.15000
   113762.7285823      0.1000E-29      0.4077E-01  0.00000000E+00      293.16263      293.15000
   116144.8613840      0.1000E-29      0.3808E-01  0.00000000E+00      293.16263      293.15000
   118576.8748167      0.1000E-29      0.3551E-01  0.00000000E+00      293.16263      293.15000
   121059.8133550      0.1000E-29      0.3307E-01  0.00000000E+00      293.16263      293.15000
   123594.7433445      0.1000E-29      0.3075E-01  0.00000000E+00      293.16263      293.15000
   126182.7534591      0.1000E-29      0.2855E-01  0.00000000E+00      293.16263      293.15000
   128824.9551693      0.1000E-29      0.2646E-01  0.00000000E+00      293.16263      293.15000
   131522.4832192      0.1000E-29      0.2449E-01  0.00000000E+00      293.16263      293.15000
   134276.4961138      0.1000E-29      0.2263E-01  0.00000000E+00      293.16263      293.15000
   137088.1766165      0.1000E-29      0.2088E-01  0.00000000E+00      293.16263      293.15000
   139958.7322573      0.1000E-29      0.1923E-01  0.00000000E+00      293.16263      293.15000
   142889.3958511      0.1000E-29      0.1768E-01  0.00000000E+00      293.16263      293.15000
   145881.4260275      0.1000E-29      0.1622E-01  0.00000000E+00      293.16263      293.15000
   148936.1077711      0.1000E-29      0.1486E-01  0.00000000E+00      293.16263      293.15000
   152054.7529732      0.1000E-29      0.1359E-01  0.00000000E+00      293.16263      293.15000
   155238.7009958      0.1000E-29      0.1240E-01  0.00000000E+00      293.16263      293.15000
   158489.3192461      0.1000E-29      0.1130E-01  0.00000000E+00      293.16263      293.15000
   161808.0037643      0.1000E-29      0.1027E-01  0.00000000E+00      293.16263      293.15000
   165196.1798229      0.1000E-29      0.9321E-02  0.00000000E+00      293.16263      293.15000
   168655.3025389      0.1000E-29      0.8441E-02  0.00000000E+00      293.16263      293.15000
   172186.8574986      0.1000E-29      0.7627E-02  0.00000000E+00      293.16263      293.15000
   175792.3613959      0.1000E-29      0.6878E-02  0.00000000E+00      293.16263      293.15000
   179473.3626833      0.1000E-29      0.6189E-02  0.00000000E+00      293.16263      293.15000
   183231.4422371      0.1000E-29      0.5556E-02  0.00000000E+00      293.16263      293.15000
   187068.2140366      0.1000E-29      0.4977E-02  0.00000000E+00      293.16263      293.15000
   190985.3258566      0.1000E-29      0.4448E-02  0.00000000E+00      293.16263      293.15000
   194984.4599758      0.1000E-29      0.3966E-02  0.00000000E+00      293.16263      293.15000
   199067.3338987      0.1000E-29      0.3527E-02  0.00000000E+00      293.16263      293.15000
   203235.7010936      0.1000E-29      0.3130E-02  0.00000000E+00      293.16263      293.15000
   207491.3517455      0.1000E-29      0.2770E-02  0.00000000E+00      293.16263      293.15000
   211836.1135248      0.1000E-29      0.2445E-02  0.00000000E+00      293.16263      293.15000
   216271.8523727      0.1000E-29      0.2153E-02  0.00000000E+00      293.16263      293.15000
   220800.4733019      0.1000E-29      0.1891E-02  0.00000000E+00      293.16263      293.15000
   225423.9212152      0.1000E-29      0.1656E-02  0.00000000E+00      293.16263      293.15000
   230144.1817409      0.1000E-29      0.1446E-02  0.00000000E+00      293.16263      293.15000
   234963.2820848      0.1000E-29      0.1259E-02  0.00000000E+00      293.16263      293.15000
   239883.2919019      0.1000E-29      0.1094E-02  0.00000000E+00      293.16263      293.15000
   244906.3241845      0.1000E-29      0.9469E-03  0.00000000E+00      293.16263      293.15000
   250034.5361696      0.1000E-29      0.8173E-03  0.00000000E+00      293.16263      293.15000
   255270.1302661      0.1000E-29      0.7033E-03  0.00000000E+00      293.16263      293.15000
   260615.3549999      0.1000E-29      0.6033E-03  0.00000000E+00      293.16263      293.15000
   266072.5059799      0.1000E-29      0.5159E-03  0.00000000E+00      293.16263      293.15000
   271643.9268839      0.1000E-29      0.4397E-03  0.00000000E+00      293.16263      293.15000
   277332.0104652      0.1000E-29      0.3735E-03  0.00000000E+00      293.16263      293.15000
   283139.1995799      0.1000E-29      0.3162E-03  0.00000000E+00      293.16263      293.15000
   289067.9882365      0.1000E-29      0.2667E-03  0.00000000E+00      293.16263      293.15000
   295120.9226666      0.1000E-29      0.2242E-03  0.00000000E+00      293.16263      293.15000
   301300.6024186      0.1000E-29      0.1878E-03  0.00000000E+00      293.16263      293.15000
   307609.6814741      0.1000E-29      0.1567E-03  0.00000000E+00      293.16263      293.15000
   314050.8693876      0.1000E-29      0.1302E-03  0.00000000E+00      293.16263      293.15000
   320626.9324505      0.1000E-29      0.1079E-03  0.00000000E+00      293.16263      293.15000
   327340.6948788      0.1000E-29      0.8896E-04  0.00000000E+00      293.16263      293.15000
   334195.0400261      0.1000E-29      0.7308E-04  0.00000000E+00      293.16263      293.15000
   341192.9116219      0.1000E-29      0.5978E-04  0.00000000E+00      293.16263      293.15000
   348337.3150360      0.1000E-29      0.4870E-04  0.00000000E+00      293.16263      293.15000
   355631.3185690      0.1000E-29      0.3951E-04  0.00000000E+00      293.16263      293.15000
   363078.0547701      0.1000E-29      0.3191E-04  0.00000000E+00      293.16263      293.15000
   370680.7217826      0.1000E-29      0.2565E-04  0.00000000E+00      293.16263      293.15000
   378442.5847171      0.1000E-29      0.2053E-04  0.00000000E+00      293.16263      293.15000
   386366.9770541      0.1000E-29      0.1636E-04  0.00000000E+00      293.16263      293.15000
   394457.3020753      0.1000E-29      0.1297E-04  0.00000000E+00      293.16263      293.15000
   402717.0343255      0.1000E-29      0.1023E-04  0.00000000E+00      293.16263      293.15000
   411149.7211045      0.1000E-29      0.8034E-05  0.00000000E+00      293.16263      293.15000
   419758.9839910      0.1000E-29      0.6276E-05  0.00000000E+00      293.16263      293.15000
   428548.5203974      0.1000E-29      0.4877E-05  0.00000000E+00      293.16263      293.15000
   437522.1051583      0.1000E-29      0.3770E-05  0.00000000E+00      293.16263      293.15000
   446683.5921510      0.1000E-29      0.2899E-05  0.00000000E+00      293.16263      293.15000
   456036.9159513      0.1000E-29      0.2216E-05  0.00000000E+00      293.16263      293.15000
   465586.0935230      0.1000E-29      0.1685E-05  0.00000000E+00      293.16263      293.15000
   475335.2259428      0.1000E-29      0.1274E-05  0.00000000E+00      293.16263      293.15000
   485288.5001621      0.1000E-29      0.9576E-06  0.00000000E+00      293.16263      293.15000
   495450.1908048      0.1000E-29      0.7154E-06  0.00000000E+00      293.16263      293.15000
   505824.6620031      0.1000E-29      0.5312E-06  0.00000000E+00      293.16263      293.15000
   516416.3692721      0.1000E-29      0.3920E-06  0.00000000E+00      293.16263      293.15000
   527229.8614228      0.1000E-29      0.2875E-06  0.00000000E+00      293.16263      293.15000
   538269.7825163      0.1000E-29      0.2094E-06  0.00000000E+00      293.16263      293.15000
   549540.8738576      0.1000E-29      0.1516E-06  0.00000000E+00      293.16263      293.15000
   561047.9760325      0.1000E-29      0.1089E-06  0.00000000E+00      293.16263      293.15000
   572796.0309858      0.1000E-29      0.7777E-07  0.00000000E+00      293.16263      293.15000
   584790.0841445      0.1000E-29      0.5513E-07  0.00000000E+00      293.16263      293.15000
   597035.2865838      0.1000E-29      0.3880E-07  0.00000000E+00      293.16263      293.15000
   609536.8972402      0.1000E-29      0.2711E-07  0.00000000E+00      293.16263      293.15000
   622300.2851692      0.1000E-29      0.1879E-07  0.00000000E+00      293.16263      293.15000
   635330.9318517      0.1000E-29      0.1293E-07  0.00000000E+00      293.16263      293.15000
   648634.4335482      0.1000E-29      0.8829E-08  0.00000000E+00      293.16263      293.15000
   662216.5037018      0.1000E-29      0.5980E-08  0.00000000E+00      293.16263      293.15000
   676082.9753920      0.1000E-29      0.4017E-08  0.00000000E+00      293.16263      293.15000
   690239.8038402      0.1000E-29      0.2676E-08  0.00000000E+00      293.16263      293.15000
   704693.0689671      0.1000E-29      0.1768E-08  0.00000000E+00      293.16263      293.15000
   719448.9780037      0.1000E-29      0.1158E-08  0.00000000E+00      293.16263      293.15000
   734513.8681571      0.1000E-29      0.7514E-09  0.00000000E+00      293.16263      293.15000
   749894.2093325      0.1000E-29      0.4833E-09  0.00000000E+00      293.16263      293.15000
   765596.6069113      0.1000E-29      0.3080E-09  0.00000000E+00      293.16263      293.15000
   781627.8045883      0.1000E-29      0.1945E-09  0.00000000E+00      293.16263      293.15000
