        0.0000100      0.1000E+01      0.9424E+00  0.00000000E+00      298.15128      298.15000
        0.0000103      0.1000E+01      0.9424E+00  0.00000000E+00      298.14480      298.15000
        0.0000106      0.1000E+01      0.9424E+00  0.00000000E+00      298.14466      298.15000
        0.0000109      0.1000E+01      0.9424E+00  0.00000000E+00      298.14454      298.15000
        0.0000113      0.1000E+01      0.9424E+00  0.00000000E+00      298.14441      298.15000
        0.0000116      0.1000E+01      0.9424E+00  0.00000000E+00      298.14428      298.15000
        0.0000120      0.1000E+01      0.9424E+00  0.00000000E+00      298.14415      298.15000
        0.0000123      0.1000E+01      0.9424E+00  0.00000000E+00      298.14401      298.15000
        0.0000127      0.1000E+01      0.9424E+00  0.00000000E+00      298.14386      298.15000
        0.0000131      0.1000E+01      0.9424E+00  0.00000000E+00      298.14371      298.15000
        0.0000135      0.1000E+01      0.9424E+00  0.00000000E+00      298.14356      298.15000
        0.0000139      0.1000E+01      0.9424E+00  0.00000000E+00      298.14341      298.15000
        0.0000143      0.1000E+01      0.9424E+00  0.00000000E+00      298.14324      298.15000
        0.0000148      0.1000E+01      0.9424E+00  0.00000000E+00      298.14308      298.15000
        0.0000152      0.1000E+01      0.9424E+00  0.00000000E+00      298.14291      298.15000
        0.0000157      0.1000E+01      0.9424E+00  0.00000000E+00      298.14273      298.15000
        0.0000161      0.1000E+01      0.9424E+00  0.00000000E+00      298.14255      298.15000
        0.0000166      0.1000E+01      0.9424E+00  0.00000000E+00      298.14226      298.15000
        0.0000171      0.1000E+01      0.9424E+00  0.00000000E+00      298.14207      298.15000
        0.0000177      0.1000E+01      0.9424E+00  0.00000000E+00      298.14187      298.15000
        0.0000182      0.1000E+01      0.9424E+00  0.00000000E+00      298.14166      298.15000
        0.0000187      0.1000E+01      0.9424E+00  0.00000000E+00      298.14145      298.15000
        0.0000193      0.1000E+01      0.9424E+00  0.00000000E+00      298.14123      298.15000
        0.0000199      0.1000E+01      0.9424E+00  0.00000000E+00      298.14101      298.15000
        0.0000205      0.1000E+01      0.9424E+00  0.00000000E+00      298.14078      298.15000
        0.0000211      0.1000E+01      0.9424E+00  0.00000000E+00      298.14054      298.15000
        0.0000218      0.1000E+01      0.9424E+00  0.00000000E+00      298.14029      298.15000
        0.0000224      0.1000E+01      0.9424E+00  0.00000000E+00      298.14004      298.15000
        0.0000231      0.1000E+01      0.9424E+00  0.00000000E+00      298.13978      298.15000
        0.0000238      0.1000E+01      0.9424E+00  0.00000000E+00      298.13951      298.15000
        0.0000245      0.1000E+01      0.9424E+00  0.00000000E+00      298.13914      298.15000
        0.0000253      0.1000E+01      0.9424E+00  0.00000000E+00      298.13885      298.15000
        0.0000261      0.1000E+01      0.9424E+00  0.00000000E+00      298.13856      298.15000
        0.0000269      0.1000E+01      0.9424E+00  0.00000000E+00      298.13826      298.15000
        0.0000277      0.1000E+01      0.9424E+00  0.00000000E+00      298.13794      298.15000
        0.0000285      0.1000E+01      0.9424E+00  0.00000000E+00      298.13762      298.15000
        0.0000294      0.1000E+01      0.9424E+00  0.00000000E+00      298.13729      298.15000
        0.0000303      0.1000E+01      0.9424E+00  0.00000000E+00      298.13695      298.15000
        0.0000312      0.1000E+01      0.9424E+00  0.00000000E+00      298.13660      298.15000
        0.0000321      0.1000E+01      0.9424E+00  0.00000000E+00      298.13623      298.15000
        0.0000331      0.1000E+01      0.9424E+00  0.00000000E+00      298.13577      298.15000
        0.0000341      0.1000E+01      0.9424E+00  0.00000000E+00      298.13538      298.15000
        0.0000352      0.1000E+01      0.9424E+00  0.00000000E+00      298.13498      298.15000
        0.0000362      0.1000E+01      0.9424E+00  0.00000000E+00      298.13458      298.15000
        0.0000373      0.1000E+01      0.9424E+00  0.00000000E+00      298.13416      298.15000
        0.0000385      0.1000E+01      0.9424E+00  0.00000000E+00      298.13372      298.15000
        0.0000396      0.1000E+01      0.9424E+00  0.00000000E+00      298.13327      298.15000
        0.0000408      0.1000E+01      0.9424E+00  0.00000000E+00      298.13281      298.15000
        0.0000421      0.1000E+01      0.9424E+00  0.00000000E+00      298.13225      298.15000
        0.0000434      0.1000E+01      0.9424E+00  0.00000000E+00      298.13176      298.15000
        0.0000447      0.1000E+01      0.9424E+00  0.00000000E+00      298.13125      298.15000
        0.0000460      0.1000E+01      0.9424E+00  0.00000000E+00      298.13073      298.15000
        0.0000474      0.1000E+01      0.9424E+00  0.00000000E+00      298.13020      298.15000
        0.0000489      0.1000E+01      0.9424E+00  0.00000000E+00      298.12965      298.15000
        0.0000504      0.1000E+01      0.9424E+00  0.00000000E+00      298.12899      298.15000
        0.0000519      0.1000E+01      0.9424E+00  0.00000000E+00      298.12840      298.15000
        0.0000535      0.1000E+01      0.9424E+00  0.00000000E+00      298.12780      298.15000
        0.0000551      0.1000E+01      0.9424E+00  0.00000000E+00      298.12718      298.15000
        0.0000568      0.1000E+01      0.9424E+00  0.00000000E+00      298.12654      298.15000
        0.0000585      0.1000E+01      0.9424E+00  0.00000000E+00      298.12579      298.15000
        0.0000603      0.1000E+01      0.9424E+00  0.00000000E+00      298.12511      298.15000
        0.0000621      0.1000E+01      0.9424E+00  0.00000000E+00      298.12441      298.15000
        0.0000640      0.1000E+01      0.9424E+00  0.00000000E+00      298.12369      298.15000
        0.0000659      0.1000E+01      0.9424E+00  0.00000000E+00      298.12295      298.15000
        0.0000679      0.1000E+01      0.9424E+00  0.00000000E+00      298.12209      298.15000
        0.0000700      0.1000E+01      0.9424E+00  0.00000000E+00      298.12131      298.15000
        0.0000721      0.1000E+01      0.9424E+00  0.00000000E+00      298.12050      298.15000
        0.0000743      0.1000E+01      0.9424E+00  0.00000000E+00      298.11966      298.15000
        0.0000766      0.1000E+01      0.9424E+00  0.00000000E+00      298.11871      298.15000
        0.0000789      0.1000E+01      0.9424E+00  0.00000000E+00      298.11782      298.15000
        0.0000813      0.1000E+01      0.9424E+00  0.00000000E+00      298.11691      298.15000
        0.0000838      0.1000E+01      0.9424E+00  0.00000000E+00      298.11587      298.15000
        0.0000863      0.1000E+01      0.9424E+00  0.00000000E+00      298.11490      298.15000
        0.0000889      0.1000E+01      0.9424E+00  0.00000000E+00      298.11390      298.15000
        0.0000916      0.1000E+01      0.9424E+00  0.00000000E+00      298.11288      298.15000
        0.0000944      0.1000E+01      0.9424E+00  0.00000000E+00      298.11172      298.15000
        0.0000973      0.1000E+01      0.9424E+00  0.00000000E+00      298.11063      298.15000
        0.0001002      0.1000E+01      0.9424E+00  0.00000000E+00      298.10951      298.15000
        0.0001033      0.1000E+01      0.9424E+00  0.00000000E+00      298.10825      298.15000
        0.0001064      0.1000E+01      0.9424E+00  0.00000000E+00      298.10706      298.15000
        0.0001096      0.1000E+01      0.9424E+00  0.00000000E+00      298.10583      298.15000
        0.0001130      0.1000E+01      0.9424E+00  0.00000000E+00      298.10447      298.15000
        0.0001164      0.1000E+01      0.9424E+00  0.00000000E+00      298.10317      298.15000
        0.0001199      0.1000E+01      0.9424E+00  0.00000000E+00      298.10173      298.15000
        0.0001236      0.1000E+01      0.9424E+00  0.00000000E+00      298.10035      298.15000
        0.0001274      0.1000E+01      0.9424E+00  0.00000000E+00      298.09892      298.15000
        0.0001312      0.1000E+01      0.9424E+00  0.00000000E+00      298.09736      298.15000
        0.0001352      0.1000E+01      0.9424E+00  0.00000000E+00      298.09585      298.15000
        0.0001393      0.1000E+01      0.9424E+00  0.00000000E+00      298.09420      298.15000
        0.0001435      0.1000E+01      0.9424E+00  0.00000000E+00      298.09259      298.15000
        0.0001479      0.1000E+01      0.9424E+00  0.00000000E+00      298.09084      298.15000
        0.0001524      0.1000E+01      0.9424E+00  0.00000000E+00      298.08915      298.15000
        0.0001570      0.1000E+01      0.9424E+00  0.00000000E+00      298.08730      298.15000
        0.0001618      0.1000E+01      0.9424E+00  0.00000000E+00      298.08549      298.15000
        0.0001667      0.1000E+01      0.9424E+00  0.00000000E+00      298.08354      298.15000
        0.0001718      0.1000E+01      0.9424E+00  0.00000000E+00      298.08163      298.15000
        0.0001770      0.1000E+01      0.9424E+00  0.00000000E+00      298.07956      298.15000
        0.0001824      0.1000E+01      0.9424E+00  0.00000000E+00      298.07753      298.15000
        0.0001879      0.1000E+01      0.9424E+00  0.00000000E+00      298.07534      298.15000
        0.0001936      0.1000E+01      0.9424E+00  0.00000000E+00      298.07309      298.15000
        0.0001995      0.1000E+01      0.9424E+00  0.00000000E+00      298.07087      298.15000
        0.0002056      0.1000E+01      0.9424E+00  0.00000000E+00      298.06849      298.15000
        0.0002118      0.1000E+01      0.9424E+00  0.00000000E+00      298.06614      298.15000
        0.0002183      0.1000E+01      0.9424E+00  0.00000000E+00      298.06362      298.15000
        0.0002249      0.1000E+01      0.9424E+00  0.00000000E+00      298.06103      298.15000
        0.0002317      0.1000E+01      0.9424E+00  0.00000000E+00      298.05847      298.15000
        0.0002388      0.1000E+01      0.9424E+00  0.00000000E+00      298.05572      298.15000
        0.0002460      0.1000E+01      0.9424E+00  0.00000000E+00      298.05290      298.15000
        0.0002535      0.1000E+01      0.9424E+00  0.00000000E+00      298.05000      298.15000
        0.0002612      0.1000E+01      0.9424E+00  0.00000000E+00      298.04712      298.15000
        0.0002692      0.1000E+01      0.9424E+00  0.00000000E+00      298.04405      298.15000
        0.0002773      0.1000E+01      0.9424E+00  0.00000000E+00      298.04089      298.15000
        0.0002858      0.1000E+01      0.9424E+00  0.00000000E+00      298.03764      298.15000
        0.0002944      0.1000E+01      0.9424E+00  0.00000000E+00      298.03440      298.15000
        0.0003034      0.1000E+01      0.9424E+00  0.00000000E+00      298.03096      298.15000
        0.0003126      0.1000E+01      0.9424E+00  0.00000000E+00      298.02742      298.15000
        0.0003221      0.1000E+01      0.9424E+00  0.00000000E+00      298.02378      298.15000
        0.0003319      0.1000E+01      0.9424E+00  0.00000000E+00      298.02003      298.15000
        0.0003420      0.1000E+01      0.9424E+00  0.00000000E+00      298.01618      298.15000
        0.0003524      0.1000E+01      0.9424E+00  0.00000000E+00      298.01222      298.15000
        0.0003631      0.1000E+01      0.9424E+00  0.00000000E+00      298.00825      298.15000
        0.0003741      0.1000E+01      0.9424E+00  0.00000000E+00      298.00406      298.15000
        0.0003855      0.1000E+01      0.9424E+00  0.00000000E+00      297.99975      298.15000
        0.0003972      0.1000E+01      0.9424E+00  0.00000000E+00      297.99531      298.15000
        0.0004093      0.1000E+01      0.9424E+00  0.00000000E+00      297.99074      298.15000
        0.0004217      0.1000E+01      0.9424E+00  0.00000000E+00      297.98605      298.15000
        0.0004345      0.1000E+01      0.9424E+00  0.00000000E+00      297.98122      298.15000
        0.0004477      0.1000E+01      0.9424E+00  0.00000000E+00      297.97626      298.15000
        0.0004613      0.1000E+01      0.9424E+00  0.00000000E+00      297.97115      298.15000
        0.0004753      0.1000E+01      0.9424E+00  0.00000000E+00      297.96589      298.15000
        0.0004898      0.1000E+01      0.9424E+00  0.00000000E+00      297.96037      298.15000
        0.0005047      0.1000E+01      0.9424E+00  0.00000000E+00      297.95481      298.15000
        0.0005200      0.1000E+01      0.9424E+00  0.00000000E+00      297.94910      298.15000
        0.0005358      0.1000E+01      0.9424E+00  0.00000000E+00      297.94322      298.15000
        0.0005521      0.1000E+01      0.9424E+00  0.00000000E+00      297.93717      298.15000
        0.0005689      0.1000E+01      0.9424E+00  0.00000000E+00      297.93095      298.15000
        0.0005861      0.1000E+01      0.9424E+00  0.00000000E+00      297.92455      298.15000
        0.0006039      0.1000E+01      0.9424E+00  0.00000000E+00      297.91798      298.15000
        0.0006223      0.1000E+01      0.9424E+00  0.00000000E+00      297.91121      298.15000
        0.0006412      0.1000E+01      0.9424E+00  0.00000000E+00      297.90426      298.15000
        0.0006607      0.1000E+01      0.9424E+00  0.00000000E+00      297.89699      298.15000
        0.0006808      0.1000E+01      0.9424E+00  0.00000000E+00      297.88963      298.15000
        0.0007015      0.1000E+01      0.9424E+00  0.00000000E+00      297.88207      298.15000
        0.0007228      0.1000E+01      0.9424E+00  0.00000000E+00      297.87430      298.15000
        0.0007447      0.1000E+01      0.9424E+00  0.00000000E+00      297.86630      298.15000
        0.0007674      0.1000E+01      0.9424E+00  0.00000000E+00      297.85809      298.15000
        0.0007907      0.1000E+01      0.9424E+00  0.00000000E+00      297.84964      298.15000
        0.0008147      0.1000E+01      0.9424E+00  0.00000000E+00      297.84096      298.15000
        0.0008395      0.1000E+01      0.9424E+00  0.00000000E+00      297.83204      298.15000
        0.0008650      0.1000E+01      0.9424E+00  0.00000000E+00      297.82286      298.15000
        0.0008913      0.1000E+01      0.9424E+00  0.00000000E+00      297.81344      298.15000
        0.0009183      0.1000E+01      0.9424E+00  0.00000000E+00      297.80375      298.15000
        0.0009462      0.1000E+01      0.9424E+00  0.00000000E+00      297.79379      298.15000
        0.0009750      0.1000E+01      0.9424E+00  0.00000000E+00      297.78356      298.15000
        0.0010046      0.1000E+01      0.9424E+00  0.00000000E+00      297.77304      298.15000
        0.0010351      0.1000E+01      0.9424E+00  0.00000000E+00      297.76223      298.15000
        0.0010666      0.1000E+01      0.9424E+00  0.00000000E+00      297.75113      298.15000
        0.0010990      0.1000E+01      0.9424E+00  0.00000000E+00      297.73973      298.15000
        0.0011324      0.1000E+01      0.9424E+00  0.00000000E+00      297.72801      298.15000
        0.0011668      0.1000E+01      0.9424E+00  0.00000000E+00      297.71612      298.15000
        0.0012023      0.1000E+01      0.9424E+00  0.00000000E+00      297.70376      298.15000
        0.0012388      0.1000E+01      0.9424E+00  0.00000000E+00      297.69106      298.15000
        0.0012764      0.1000E+01      0.9424E+00  0.00000000E+00      297.67818      298.15000
        0.0013152      0.1000E+01      0.9424E+00  0.00000000E+00      297.66478      298.15000
        0.0013552      0.1000E+01      0.9424E+00  0.00000000E+00      297.65120      298.15000
        0.0013964      0.1000E+01      0.9424E+00  0.00000000E+00      297.63707      298.15000
        0.0014388      0.1000E+01      0.9424E+00  0.00000000E+00      297.62275      298.15000
        0.0014825      0.1000E+01      0.9424E+00  0.00000000E+00      297.60804      298.15000
        0.0015276      0.1000E+01      0.9424E+00  0.00000000E+00      297.59295      298.15000
        0.0015740      0.1000E+01      0.9424E+00  0.00000000E+00      297.57745      298.15000
        0.0016218      0.1000E+01      0.9424E+00  0.00000000E+00      297.56155      298.15000
        0.0016711      0.1000E+01      0.9424E+00  0.00000000E+00      297.54523      298.15000
        0.0017219      0.1000E+01      0.9424E+00  0.00000000E+00      297.52849      298.15000
        0.0017742      0.1000E+01      0.9424E+00  0.00000000E+00      297.51131      298.15000
        0.0018281      0.1000E+01      0.9424E+00  0.00000000E+00      297.49368      298.15000
        0.0018836      0.1000E+01      0.9424E+00  0.00000000E+00      297.47582      298.15000
        0.0019409      0.1000E+01      0.9424E+00  0.00000000E+00      297.45728      298.15000
        0.0019999      0.1000E+01      0.9424E+00  0.00000000E+00      297.43850      298.15000
        0.0020606      0.1000E+01      0.9424E+00  0.00000000E+00      297.41900      298.15000
        0.0021232      0.1000E+01      0.9424E+00  0.00000000E+00      297.39927      298.15000
        0.0021878      0.1000E+01      0.9424E+00  0.00000000E+00      297.37904      298.15000
        0.0022542      0.1000E+01      0.9424E+00  0.00000000E+00      297.35831      298.15000
        0.0023227      0.1000E+01      0.9424E+00  0.00000000E+00      297.33707      298.15000
        0.0023933      0.1000E+01      0.9424E+00  0.00000000E+00      297.31531      298.15000
        0.0024660      0.1000E+01      0.9424E+00  0.00000000E+00      297.29302      298.15000
        0.0025410      0.1000E+01      0.9424E+00  0.00000000E+00      297.27052      298.15000
        0.0026182      0.1000E+01      0.9424E+00  0.00000000E+00      297.24716      298.15000
        0.0026977      0.1000E+01      0.9424E+00  0.00000000E+00      297.22324      298.15000
        0.0027797      0.1000E+01      0.9424E+00  0.00000000E+00      297.19912      298.15000
        0.0028642      0.1000E+01      0.9424E+00  0.00000000E+00      297.17445      298.15000
        0.0029512      0.1000E+01      0.9424E+00  0.00000000E+00      297.14884      298.15000
        0.0030409      0.1000E+01      0.9424E+00  0.00000000E+00      297.12305      298.15000
        0.0031333      0.1000E+01      0.9424E+00  0.00000000E+00      297.09669      298.15000
        0.0032285      0.1000E+01      0.9424E+00  0.00000000E+00      297.06931      298.15000
        0.0033266      0.1000E+01      0.9424E+00  0.00000000E+00      297.04179      298.15000
        0.0034277      0.1000E+01      0.9424E+00  0.00000000E+00      297.01369      298.15000
        0.0035318      0.1000E+01      0.9424E+00  0.00000000E+00      296.98502      298.15000
        0.0036392      0.1000E+01      0.9424E+00  0.00000000E+00      296.95576      298.15000
        0.0037497      0.1000E+01      0.9424E+00  0.00000000E+00      296.92592      298.15000
        0.0038637      0.1000E+01      0.9424E+00  0.00000000E+00      296.89550      298.15000
        0.0039811      0.1000E+01      0.9424E+00  0.00000000E+00      296.86449      298.15000
        0.0041020      0.1000E+01      0.9424E+00  0.00000000E+00      296.83216      298.15000
        0.0042267      0.1000E+01      0.9424E+00  0.00000000E+00      296.79996      298.15000
        0.0043551      0.1000E+01      0.9424E+00  0.00000000E+00      296.76718      298.15000
        0.0044875      0.1000E+01      0.9424E+00  0.00000000E+00      296.73384      298.15000
        0.0046238      0.1000E+01      0.9424E+00  0.00000000E+00      296.69994      298.15000
        0.0047643      0.1000E+01      0.9424E+00  0.00000000E+00      296.66551      298.15000
        0.0049091      0.1000E+01      0.9424E+00  0.00000000E+00      296.62946      298.15000
        0.0050582      0.1000E+01      0.9424E+00  0.00000000E+00      296.59393      298.15000
        0.0052119      0.1000E+01      0.9424E+00  0.00000000E+00      296.55791      298.15000
        0.0053703      0.1000E+01      0.9424E+00  0.00000000E+00      296.52007      298.15000
        0.0055335      0.1000E+01      0.9424E+00  0.00000000E+00      296.48307      298.15000
        0.0057016      0.1000E+01      0.9424E+00  0.00000000E+00      296.44409      298.15000
        0.0058749      0.1000E+01      0.9424E+00  0.00000000E+00      296.40621      298.15000
        0.0060534      0.1000E+01      0.9424E+00  0.00000000E+00      296.36617      298.15000
        0.0062373      0.1000E+01      0.9424E+00  0.00000000E+00      296.32557      298.15000
        0.0064269      0.1000E+01      0.9424E+00  0.00000000E+00      296.28655      298.15000
        0.0066222      0.1000E+01      0.9424E+00  0.00000000E+00      296.24505      298.15000
        0.0068234      0.1000E+01      0.9424E+00  0.00000000E+00      296.20306      298.15000
        0.0070307      0.1000E+01      0.9424E+00  0.00000000E+00      296.16061      298.15000
        0.0072444      0.1000E+01      0.9424E+00  0.00000000E+00      296.11772      298.15000
        0.0074645      0.1000E+01      0.9424E+00  0.00000000E+00      296.07443      298.15000
        0.0076913      0.1000E+01      0.9424E+00  0.00000000E+00      296.03075      298.15000
        0.0079250      0.1000E+01      0.9424E+00  0.00000000E+00      295.98673      298.15000
        0.0081658      0.1000E+01      0.9424E+00  0.00000000E+00      295.94240      298.15000
        0.0084140      0.1000E+01      0.9424E+00  0.00000000E+00      295.89780      298.15000
        0.0086696      0.1000E+01      0.9424E+00  0.00000000E+00      295.85299      298.15000
        0.0089331      0.1000E+01      0.9424E+00  0.00000000E+00      295.80269      298.15000
        0.0092045      0.1000E+01      0.9424E+00  0.00000000E+00      295.75709      298.15000
        0.0094842      0.1000E+01      0.9424E+00  0.00000000E+00      295.71138      298.15000
        0.0097724      0.1000E+01      0.9424E+00  0.00000000E+00      295.66542      298.15000
        0.0100693      0.1000E+01      0.9424E+00  0.00000000E+00      295.61547      298.15000
        0.0103753      0.1000E+01      0.9424E+00  0.00000000E+00      295.56654      298.15000
        0.0106905      0.1000E+01      0.9424E+00  0.00000000E+00      295.51721      298.15000
        0.0110154      0.1000E+01      0.9424E+00  0.00000000E+00      295.46751      298.15000
        0.0113501      0.1000E+01      0.9424E+00  0.00000000E+00      295.41744      298.15000
        0.0116950      0.1000E+01      0.9424E+00  0.00000000E+00      295.36703      298.15000
        0.0120504      0.1000E+01      0.9424E+00  0.00000000E+00      295.31629      298.15000
        0.0124165      0.1000E+01      0.9424E+00  0.00000000E+00      295.26526      298.15000
        0.0127938      0.1000E+01      0.9424E+00  0.00000000E+00      295.21394      298.15000
        0.0131826      0.1000E+01      0.9424E+00  0.00000000E+00      295.16880      298.15000
        0.0135831      0.1000E+01      0.9424E+00  0.00000000E+00      295.11706      298.15000
        0.0139959      0.1000E+01      0.9424E+00  0.00000000E+00      295.06511      298.15000
        0.0144212      0.1000E+01      0.9424E+00  0.00000000E+00      295.01296      298.15000
        0.0148594      0.1000E+01      0.9424E+00  0.00000000E+00      294.96064      298.15000
        0.0153109      0.1000E+01      0.9424E+00  0.00000000E+00      294.90816      298.15000
        0.0157761      0.1000E+01      0.9424E+00  0.00000000E+00      294.85255      298.15000
        0.0162555      0.1000E+01      0.9424E+00  0.00000000E+00      294.79983      298.15000
        0.0167494      0.1000E+01      0.9424E+00  0.00000000E+00      294.75293      298.15000
        0.0172584      0.1000E+01      0.9424E+00  0.00000000E+00      294.70014      298.15000
        0.0177828      0.1000E+01      0.9424E+00  0.00000000E+00      294.64738      298.15000
        0.0183231      0.1000E+01      0.9424E+00  0.00000000E+00      294.59136      298.15000
        0.0188799      0.1000E+01      0.9424E+00  0.00000000E+00      294.54182      298.15000
        0.0194536      0.1000E+01      0.9424E+00  0.00000000E+00      294.48687      298.15000
        0.0200447      0.1000E+01      0.9424E+00  0.00000000E+00      294.43676      298.15000
        0.0206538      0.1000E+01      0.9424E+00  0.00000000E+00      294.38171      298.15000
        0.0212814      0.1000E+01      0.9424E+00  0.00000000E+00      294.33116      298.15000
        0.0219280      0.1000E+01      0.9424E+00  0.00000000E+00      294.28042      298.15000
        0.0225944      0.1000E+01      0.9424E+00  0.00000000E+00      294.22946      298.15000
        0.0232809      0.1000E+01      0.9424E+00  0.00000000E+00      294.17831      298.15000
        0.0239883      0.1000E+01      0.9424E+00  0.00000000E+00      294.12698      298.15000
        0.0247172      0.1000E+01      0.9424E+00  0.00000000E+00      294.07543      298.15000
        0.0254683      0.1000E+01      0.9424E+00  0.00000000E+00      294.02361      298.15000
        0.0262422      0.1000E+01      0.9424E+00  0.00000000E+00      293.97142      298.15000
        0.0270396      0.1000E+01      0.9424E+00  0.00000000E+00      293.92358      298.15000
        0.0278612      0.1000E+01      0.9424E+00  0.00000000E+00      293.87560      298.15000
        0.0287078      0.1000E+01      0.9424E+00  0.00000000E+00      293.82368      298.15000
        0.0295801      0.1000E+01      0.9424E+00  0.00000000E+00      293.77405      298.15000
        0.0304789      0.1000E+01      0.9424E+00  0.00000000E+00      293.72479      298.15000
        0.0314051      0.1000E+01      0.9424E+00  0.00000000E+00      293.67592      298.15000
        0.0323594      0.1000E+01      0.9424E+00  0.00000000E+00      293.62744      298.15000
        0.0333426      0.1000E+01      0.9424E+00  0.00000000E+00      293.58472      298.15000
        0.0343558      0.1000E+01      0.9424E+00  0.00000000E+00      293.53759      298.15000
        0.0353997      0.1000E+01      0.9424E+00  0.00000000E+00      293.48609      298.15000
        0.0364754      0.1000E+01      0.9424E+00  0.00000000E+00      293.44026      298.15000
        0.0375837      0.1000E+01      0.9424E+00  0.00000000E+00      293.39706      298.15000
        0.0387258      0.1000E+01      0.9424E+00  0.00000000E+00      293.34895      298.15000
        0.0399025      0.1000E+01      0.9424E+00  0.00000000E+00      293.30391      298.15000
        0.0411150      0.1000E+01      0.9424E+00  0.00000000E+00      293.26010      298.15000
        0.0423643      0.1000E+01      0.9424E+00  0.00000000E+00      293.21569      298.15000
        0.0436516      0.1000E+01      0.9424E+00  0.00000000E+00      293.17252      298.15000
        0.0449780      0.1000E+01      0.9424E+00  0.00000000E+00      293.13029      298.15000
        0.0463447      0.1000E+01      0.9424E+00  0.00000000E+00      293.08793      298.15000
        0.0477529      0.1000E+01      0.9424E+00  0.00000000E+00      293.04650      298.15000
        0.0492040      0.1000E+01      0.9424E+00  0.00000000E+00      293.00519      298.15000
        0.0506991      0.1000E+01      0.9424E+00  0.00000000E+00      292.96477      298.15000
        0.0522396      0.1000E+01      0.9424E+00  0.00000000E+00      292.92513      298.15000
        0.0538270      0.1000E+01      0.9424E+00  0.00000000E+00      292.88575      298.15000
        0.0554626      0.1000E+01      0.9424E+00  0.00000000E+00      292.84714      298.15000
        0.0571479      0.1000E+01      0.9424E+00  0.00000000E+00      292.80927      298.15000
        0.0588844      0.1000E+01      0.9424E+00  0.00000000E+00      292.77173      298.15000
        0.0606736      0.1000E+01      0.9424E+00  0.00000000E+00      292.73492      298.15000
        0.0625173      0.1000E+01      0.9424E+00  0.00000000E+00      292.69851      298.15000
        0.0644169      0.1000E+01      0.9424E+00  0.00000000E+00      292.66309      298.15000
        0.0663743      0.1000E+01      0.9424E+00  0.00000000E+00      292.62784      298.15000
        0.0683912      0.1000E+01      0.9424E+00  0.00000000E+00      292.59351      298.15000
        0.0704693      0.1000E+01      0.9424E+00  0.00000000E+00      292.55965      298.15000
        0.0726106      0.1000E+01      0.9424E+00  0.00000000E+00      292.52645      298.15000
        0.0748170      0.1000E+01      0.9424E+00  0.00000000E+00      292.49391      298.15000
        0.0770903      0.1000E+01      0.9424E+00  0.00000000E+00      292.46186      298.15000
        0.0794328      0.1000E+01      0.9424E+00  0.00000000E+00      292.43046      298.15000
        0.0818465      0.1000E+01      0.9424E+00  0.00000000E+00      292.39958      298.15000
        0.0843335      0.1000E+01      0.9424E+00  0.00000000E+00      292.36935      298.15000
        0.0868960      0.1000E+01      0.9424E+00  0.00000000E+00      292.33975      298.15000
        0.0895365      0.1000E+01      0.9424E+00  0.00000000E+00      292.31068      298.15000
        0.0922571      0.1000E+01      0.9424E+00  0.00000000E+00      292.28225      298.15000
        0.0950605      0.1000E+01      0.9424E+00  0.00000000E+00      292.25434      298.15000
        0.0979490      0.1000E+01      0.9424E+00  0.00000000E+00      292.22698      298.15000
        0.1009253      0.1000E+01      0.9424E+00  0.00000000E+00      292.20024      298.15000
        0.1039920      0.1000E+01      0.9424E+00  0.00000000E+00      292.17411      298.15000
        0.1071519      0.1000E+01      0.9424E+00  0.00000000E+00      292.14844      298.15000
        0.1104079      0.1000E+01      0.9424E+00  0.00000000E+00      292.12338      298.15000
        0.1137627      0.1000E+01      0.9424E+00  0.00000000E+00      292.09885      298.15000
        0.1172195      0.1000E+01      0.9424E+00  0.00000000E+00      292.07480      298.15000
        0.1207814      0.1000E+01      0.9424E+00  0.00000000E+00      292.05135      298.15000
        0.1244515      0.1000E+01      0.9424E+00  0.00000000E+00      292.02842      298.15000
        0.1282331      0.1000E+01      0.9424E+00  0.00000000E+00      292.00601      298.15000
        0.1321296      0.1000E+01      0.9424E+00  0.00000000E+00      291.98408      298.15000
        0.1361445      0.1000E+01      0.9424E+00  0.00000000E+00      291.96267      298.15000
        0.1402814      0.1000E+01      0.9424E+00  0.00000000E+00      291.94173      298.15000
        0.1445440      0.1000E+01      0.9424E+00  0.00000000E+00      291.92131      298.15000
        0.1489361      0.1000E+01      0.9424E+00  0.00000000E+00      291.90138      298.15000
        0.1534617      0.1000E+01      0.9424E+00  0.00000000E+00      291.88192      298.15000
        0.1581248      0.1000E+01      0.9424E+00  0.00000000E+00      291.86291      298.15000
        0.1629296      0.1000E+01      0.9424E+00  0.00000000E+00      291.84436      298.15000
        0.1678804      0.1000E+01      0.9424E+00  0.00000000E+00      291.82627      298.15000
        0.1729816      0.1000E+01      0.9424E+00  0.00000000E+00      291.80864      298.15000
        0.1782379      0.1000E+01      0.9424E+00  0.00000000E+00      291.79143      298.15000
        0.1836538      0.1000E+01      0.9424E+00  0.00000000E+00      291.77465      298.15000
        0.1892344      0.1000E+01      0.9424E+00  0.00000000E+00      291.75828      298.15000
        0.1949845      0.1000E+01      0.9424E+00  0.00000000E+00      291.74233      298.15000
        0.2009093      0.1000E+01      0.9424E+00  0.00000000E+00      291.72680      298.15000
        0.2070141      0.1000E+01      0.9424E+00  0.00000000E+00      291.71167      298.15000
        0.2133045      0.1000E+01      0.9424E+00  0.00000000E+00      291.69694      298.15000
        0.2197860      0.1000E+01      0.9424E+00  0.00000000E+00      291.68257      298.15000
        0.2264644      0.1000E+01      0.9424E+00  0.00000000E+00      291.66860      298.15000
        0.2333458      0.1000E+01      0.9424E+00  0.00000000E+00      291.65499      298.15000
        0.2404363      0.1000E+01      0.9424E+00  0.00000000E+00      291.64175      298.15000
        0.2477422      0.1000E+01      0.9424E+00  0.00000000E+00      291.62887      298.15000
        0.2552701      0.1000E+01      0.9424E+00  0.00000000E+00      291.61634      298.15000
        0.2630268      0.1000E+01      0.9424E+00  0.00000000E+00      291.60416      298.15000
        0.2710192      0.1000E+01      0.9424E+00  0.00000000E+00      291.59231      298.15000
        0.2792544      0.1000E+01      0.9424E+00  0.00000000E+00      291.58080      298.15000
        0.2877398      0.1000E+01      0.9424E+00  0.00000000E+00      291.56961      298.15000
        0.2964831      0.1000E+01      0.9424E+00  0.00000000E+00      291.55874      298.15000
        0.3054921      0.1000E+01      0.9424E+00  0.00000000E+00      291.54819      298.15000
        0.3147748      0.1000E+01      0.9424E+00  0.00000000E+00      291.53795      298.15000
        0.3243396      0.1000E+01      0.9424E+00  0.00000000E+00      291.52801      298.15000
        0.3341950      0.1000E+01      0.9424E+00  0.00000000E+00      291.51837      298.15000
        0.3443499      0.1000E+01      0.9424E+00  0.00000000E+00      291.50903      298.15000
        0.3548134      0.1000E+01      0.9424E+00  0.00000000E+00      291.49998      298.15000
        0.3655948      0.1000E+01      0.9424E+00  0.00000000E+00      291.49121      298.15000
        0.3767038      0.1000E+01      0.9424E+00  0.00000000E+00      291.48273      298.15000
        0.3881504      0.1000E+01      0.9424E+00  0.00000000E+00      291.47453      298.15000
        0.3999447      0.1000E+01      0.9424E+00  0.00000000E+00      291.46660      298.15000
        0.4120975      0.1000E+01      0.9424E+00  0.00000000E+00      291.45894      298.15000
        0.4246196      0.1000E+01      0.9424E+00  0.00000000E+00      291.45156      298.15000
        0.4375221      0.1000E+01      0.9424E+00  0.00000000E+00      291.44444      298.15000
        0.4508167      0.1000E+01      0.9424E+00  0.00000000E+00      291.43759      298.15000
        0.4645153      0.1000E+01      0.9424E+00  0.00000000E+00      291.43101      298.15000
        0.4786301      0.1000E+01      0.9424E+00  0.00000000E+00      291.42469      298.15000
        0.4931738      0.1000E+01      0.9424E+00  0.00000000E+00      291.41864      298.15000
        0.5081594      0.1000E+01      0.9424E+00  0.00000000E+00      291.41284      298.15000
        0.5236004      0.1000E+01      0.9424E+00  0.00000000E+00      291.40731      298.15000
        0.5395106      0.1000E+01      0.9424E+00  0.00000000E+00      291.40203      298.15000
        0.5559043      0.1000E+01      0.9424E+00  0.00000000E+00      291.39701      298.15000
        0.5727960      0.1000E+01      0.9424E+00  0.00000000E+00      291.39223      298.15000
        0.5902011      0.1000E+01      0.9424E+00  0.00000000E+00      291.38768      298.15000
        0.6081350      0.1000E+01      0.9424E+00  0.00000000E+00      291.38335      298.15000
        0.6266139      0.1000E+01      0.9424E+00  0.00000000E+00      291.37923      298.15000
        0.6456542      0.1000E+01      0.9424E+00  0.00000000E+00      291.37528      298.15000
        0.6652732      0.1000E+01      0.9424E+00  0.00000000E+00      291.37147      298.15000
        0.6854882      0.1000E+01      0.9424E+00  0.00000000E+00      291.36779      298.15000
        0.7063176      0.1000E+01      0.9424E+00  0.00000000E+00      291.36421      298.15000
        0.7277798      0.1000E+01      0.9424E+00  0.00000000E+00      291.36069      298.15000
        0.7498942      0.1000E+01      0.9424E+00  0.00000000E+00      291.35724      298.15000
        0.7726806      0.1000E+01      0.9424E+00  0.00000000E+00      291.35385      298.15000
        0.7961594      0.1000E+01      0.9424E+00  0.00000000E+00      291.35052      298.15000
        0.8203515      0.1000E+01      0.9424E+00  0.00000000E+00      291.34727      298.15000
        0.8452788      0.1000E+01      0.9424E+00  0.00000000E+00      291.34411      298.15000
        0.8709636      0.1000E+01      0.9424E+00  0.00000000E+00      291.34108      298.15000
        0.8974288      0.1000E+01      0.9424E+00  0.00000000E+00      291.33820      298.15000
        0.9246982      0.1000E+01      0.9424E+00  0.00000000E+00      291.33550      298.15000
        0.9527962      0.1000E+01      0.9424E+00  0.00000000E+00      291.33302      298.15000
        0.9817479      0.1000E+01      0.9424E+00  0.00000000E+00      291.33078      298.15000
        1.0115795      0.1000E+01      0.9424E+00  0.00000000E+00      291.32883      298.15000
        1.0423174      0.1000E+01      0.9424E+00  0.00000000E+00      291.32721      298.15000
        1.0739894      0.1000E+01      0.9424E+00  0.00000000E+00      291.32596      298.15000
        1.1066238      0.1000E+01      0.9424E+00  0.00000000E+00      291.32513      298.15000
        1.1402498      0.1000E+01      0.9424E+00  0.00000000E+00      291.32472      298.15000
        1.1748976      0.1000E+01      0.9424E+00  0.00000000E+00      291.32475      298.15000
        1.2105981      0.1000E+01      0.9424E+00  0.00000000E+00      291.32516      298.15000
        1.2473835      0.1000E+01      0.9424E+00  0.00000000E+00      291.32588      298.15000
        1.2852867      0.1000E+01      0.9424E+00  0.00000000E+00      291.32680      298.15000
        1.3243415      0.1000E+01      0.9424E+00  0.00000000E+00      291.32784      298.15000
        1.3645831      0.1000E+01      0.9424E+00  0.00000000E+00      291.32894      298.15000
        1.4060475      0.1000E+01      0.9424E+00  0.00000000E+00      291.33003      298.15000
        1.4487719      0.1000E+01      0.9424E+00  0.00000000E+00      291.33111      298.15000
        1.4927944      0.1000E+01      0.9424E+00  0.00000000E+00      291.33222      298.15000
        1.5381546      0.1000E+01      0.9424E+00  0.00000000E+00      291.33341      298.15000
        1.5848932      0.1000E+01      0.9424E+00  0.00000000E+00      291.33480      298.15000
        1.6330519      0.1000E+01      0.9424E+00  0.00000000E+00      291.33650      298.15000
        1.6826741      0.1000E+01      0.9424E+00  0.00000000E+00      291.33868      298.15000
        1.7338040      0.1000E+01      0.9424E+00  0.00000000E+00      291.34155      298.15000
        1.7864876      0.1000E+01      0.9424E+00  0.00000000E+00      291.34536      298.15000
        1.8407720      0.1000E+01      0.9424E+00  0.00000000E+00      291.35044      298.15000
        1.8967059      0.1000E+01      0.9424E+00  0.00000000E+00      291.35702      298.15000
        1.9543395      0.1000E+01      0.9424E+00  0.00000000E+00      291.36508      298.15000
        2.0137242      0.1000E+01      0.9424E+00  0.00000000E+00      291.37439      298.15000
        2.0749135      0.1000E+01      0.9424E+00  0.00000000E+00      291.38460      298.15000
        2.1379621      0.1000E+01      0.9424E+00  0.00000000E+00      291.39536      298.15000
        2.2029265      0.1000E+01      0.9424E+00  0.00000000E+00      291.40639      298.15000
        2.2698649      0.1000E+01      0.9424E+00  0.00000000E+00      291.41766      298.15000
        2.3388372      0.1000E+01      0.9424E+00  0.00000000E+00      291.42943      298.15000
        2.4099054      0.1000E+01      0.9424E+00  0.00000000E+00      291.44224      298.15000
        2.4831331      0.1000E+01      0.9424E+00  0.00000000E+00      291.45674      298.15000
        2.5585859      0.1000E+01      0.9424E+00  0.00000000E+00      291.47387      298.15000
        2.6363314      0.1000E+01      0.9424E+00  0.00000000E+00      291.49496      298.15000
        2.7164393      0.1000E+01      0.9424E+00  0.00000000E+00      291.52237      298.15000
        2.7989813      0.1000E+01      0.9424E+00  0.00000000E+00      291.56164      298.15000
        2.8840315      0.1000E+01      0.9424E+00  0.00000000E+00      291.62406      298.15000
        2.9716660      0.1000E+01      0.9424E+00  0.00000000E+00      291.73324      298.15000
        3.0619634      0.1000E+01      0.9424E+00  0.00000000E+00      291.98678      298.15000
        3.1550046      0.1000E+01      0.9424E+00  0.00000000E+00      295.81595      298.15000
        3.2508730      0.1000E+01      0.9424E+00  0.00000000E+00      297.79938      298.15000
        3.3496544      0.1000E+01      0.9424E+00  0.00000000E+00      297.80106      298.15000
        3.4514374      0.1000E+01      0.9424E+00  0.00000000E+00      297.80276      298.15000
        3.5563132      0.1000E+01      0.9424E+00  0.00000000E+00      297.80446      298.15000
        3.6643757      0.1000E+01      0.9424E+00  0.00000000E+00      297.80615      298.15000
        3.7757219      0.1000E+01      0.9424E+00  0.00000000E+00      297.80780      298.15000
        3.8904514      0.1000E+01      0.9424E+00  0.00000000E+00      297.80939      298.15000
        4.0086672      0.1000E+01      0.9424E+00  0.00000000E+00      297.81104      298.15000
        4.1304750      0.1000E+01      0.9424E+00  0.00000000E+00      297.81259      298.15000
        4.2559841      0.1000E+01      0.9424E+00  0.00000000E+00      297.81405      298.15000
        4.3853070      0.1000E+01      0.9424E+00  0.00000000E+00      297.81553      298.15000
        4.5185594      0.1000E+01      0.9424E+00  0.00000000E+00      297.81704      298.15000
        4.6558609      0.1000E+01      0.9424E+00  0.00000000E+00      297.81847      298.15000
        4.7973345      0.1000E+01      0.9424E+00  0.00000000E+00      297.81991      298.15000
        4.9431069      0.1000E+01      0.9424E+00  0.00000000E+00      297.82132      298.15000
        5.0933087      0.1000E+01      0.9424E+00  0.00000000E+00      297.82268      298.15000
        5.2480746      0.1000E+01      0.9424E+00  0.00000000E+00      297.82377      298.15000
        5.4075432      0.1000E+01      0.9424E+00  0.00000000E+00      297.82482      298.15000
        5.5718575      0.1000E+01      0.9424E+00  0.00000000E+00      297.82577      298.15000
        5.7411646      0.1000E+01      0.9424E+00  0.00000000E+00      297.82691      298.15000
        5.9156163      0.1000E+01      0.9424E+00  0.00000000E+00      297.82796      298.15000
        6.0953690      0.1000E+01      0.9424E+00  0.00000000E+00      297.82903      298.15000
        6.2805836      0.1000E+01      0.9424E+00  0.00000000E+00      297.83011      298.15000
        6.4714262      0.1000E+01      0.9424E+00  0.00000000E+00      297.83113      298.15000
        6.6680677      0.1000E+01      0.9424E+00  0.00000000E+00      297.83235      298.15000
        6.8706844      0.1000E+01      0.9424E+00  0.00000000E+00      297.83341      298.15000
        7.0794578      0.1000E+01      0.9424E+00  0.00000000E+00      297.83470      298.15000
        7.2945751      0.1000E+01      0.9424E+00  0.00000000E+00      297.83590      298.15000
        7.5162289      0.1000E+01      0.9424E+00  0.00000000E+00      297.83706      298.15000
        7.7446180      0.1000E+01      0.9424E+00  0.00000000E+00      297.83844      298.15000
        7.9799469      0.1000E+01      0.9424E+00  0.00000000E+00      297.83977      298.15000
        8.2224265      0.1000E+01      0.9424E+00  0.00000000E+00      297.84114      298.15000
        8.4722741      0.1000E+01      0.9424E+00  0.00000000E+00      297.84255      298.15000
        8.7297137      0.1000E+01      0.9424E+00  0.00000000E+00      297.84393      298.15000
        8.9949758      0.1000E+01      0.9424E+00  0.00000000E+00      297.84554      298.15000
        9.2682982      0.1000E+01      0.9424E+00  0.00000000E+00      297.84703      298.15000
        9.5499259      0.1000E+01      0.9424E+00  0.00000000E+00      297.84876      298.15000
        9.8401111      0.1000E+01      0.9424E+00  0.00000000E+00      297.85036      298.15000
       10.1391139      0.1000E+01      0.9424E+00  0.00000000E+00      297.85221      298.15000
       10.4472022      0.1000E+01      0.9424E+00  0.00000000E+00      297.85405      298.15000
       10.7646521      0.1000E+01      0.9423E+00  0.00000000E+00      297.85596      298.15000
       11.0917482      0.1000E+01      0.9423E+00  0.00000000E+00      297.85796      298.15000
       11.4287833      0.1000E+01      0.9423E+00  0.00000000E+00      297.85996      298.15000
       11.7760597      0.1000E+01      0.9423E+00  0.00000000E+00      297.86215      298.15000
       12.1338885      0.1000E+01      0.9423E+00  0.00000000E+00      297.86444      298.15000
       12.5025903      0.1000E+01      0.9423E+00  0.00000000E+00      297.86688      298.15000
       12.8824955      0.1000E+01      0.9423E+00  0.00000000E+00      297.86941      298.15000
       13.2739446      0.1000E+01      0.9423E+00  0.00000000E+00      297.87208      298.15000
       13.6772883      0.1000E+01      0.9423E+00  0.00000000E+00      297.87490      298.15000
       14.0928880      0.1000E+01      0.9423E+00  0.00000000E+00      297.87789      298.15000
       14.5211162      0.1000E+01      0.9423E+00  0.00000000E+00      297.88106      298.15000
       14.9623566      0.1000E+01      0.9423E+00  0.00000000E+00      297.88444      298.15000
       15.4170045      0.1000E+01      0.9423E+00  0.00000000E+00      297.88805      298.15000
       15.8854675      0.1000E+01      0.9423E+00  0.00000000E+00      297.89192      298.15000
       16.3681652      0.1000E+01      0.9423E+00  0.00000000E+00      297.89606      298.15000
       16.8655303      0.1000E+01      0.9423E+00  0.00000000E+00      297.90052      298.15000
       17.3780083      0.1000E+01      0.9423E+00  0.00000000E+00      297.90532      298.15000
       17.9060585      0.1000E+01      0.9423E+00  0.00000000E+00      297.91051      298.15000
       18.4501542      0.1000E+01      0.9423E+00  0.00000000E+00      297.91611      298.15000
       19.0107828      0.1000E+01      0.9423E+00  0.00000000E+00      297.92215      298.15000
       19.5884467      0.1000E+01      0.9423E+00  0.00000000E+00      297.92869      298.15000
       20.1836636      0.1000E+01      0.9423E+00  0.00000000E+00      297.93574      298.15000
       20.7969669      0.1000E+01      0.9423E+00  0.00000000E+00      297.94335      298.15000
       21.4289060      0.1000E+01      0.9423E+00  0.00000000E+00      297.95152      298.15000
       22.0800473      0.1000E+01      0.9423E+00  0.00000000E+00      297.96028      298.15000
       22.7509743      0.1000E+01      0.9423E+00  0.00000000E+00      297.96962      298.15000
       23.4422882      0.1000E+01      0.9423E+00  0.00000000E+00      297.97951      298.15000
       24.1546083      0.1000E+01      0.9423E+00  0.00000000E+00      297.98991      298.15000
       24.8885732      0.1000E+01      0.9422E+00  0.00000000E+00      298.00040      298.15000
       25.6448404      0.1000E+01      0.9422E+00  0.00000000E+00      298.01035      298.15000
       26.4240876      0.1000E+01      0.9422E+00  0.00000000E+00      298.02078      298.15000
       27.2270131      0.1000E+01      0.9422E+00  0.00000000E+00      298.03155      298.15000
       28.0543364      0.1000E+01      0.9422E+00  0.00000000E+00      298.04254      298.15000
       28.9067988      0.1000E+01      0.9422E+00  0.00000000E+00      298.05358      298.15000
       29.7851643      0.1000E+01      0.9422E+00  0.00000000E+00      298.06448      298.15000
       30.6902199      0.1000E+01      0.9422E+00  0.00000000E+00      298.07505      298.15000
       31.6227766      0.1000E+01      0.9422E+00  0.00000000E+00      298.08505      298.15000
       32.5836701      0.1000E+01      0.9422E+00  0.00000000E+00      298.09457      298.15000
       33.5737614      0.1000E+01      0.9422E+00  0.41570286E-11      298.02774      298.15000
       34.5939378      0.9999E+00      0.9422E+00  0.41570286E-11      298.04485      298.15000
       35.6451133      0.9999E+00      0.9422E+00  0.41570286E-11      298.06177      298.15000
       36.7282300      0.9999E+00      0.9422E+00  0.41570333E-11      298.07783      298.15000
       37.8442585      0.9999E+00      0.9422E+00  0.41570794E-11      298.09246      298.15000
       38.9941987      0.9999E+00      0.9421E+00  0.41571626E-11      298.10522      298.15000
       40.1790811      0.9999E+00      0.9421E+00  0.41572712E-11      298.11595      298.15000
       41.3999675      0.9999E+00      0.9421E+00  0.41573973E-11      298.12465      298.15000
       42.6579519      0.9999E+00      0.9421E+00  0.41575360E-11      298.13148      298.15000
       43.9541615      0.9999E+00      0.9421E+00  0.41576840E-11      298.13672      298.15000
       45.2897580      0.9999E+00      0.9421E+00  0.41578396E-11      298.14062      298.15000
       46.6659380      0.9999E+00      0.9421E+00  0.41580032E-11      298.14350      298.15000
       48.0839348      0.9999E+00      0.9421E+00  0.41581773E-11      298.14556      298.15000
       49.5450191      0.9999E+00      0.9421E+00  0.41583613E-11      298.14701      298.15000
       51.0505000      0.9999E+00      0.9421E+00  0.41585556E-11      298.14803      298.15000
       52.6017266      0.9999E+00      0.9420E+00  0.41587590E-11      298.14873      298.15000
       54.2000890      0.9999E+00      0.9420E+00  0.41589706E-11      298.14920      298.15000
       55.8470195      0.9999E+00      0.9420E+00  0.41591901E-11      298.14951      298.15000
       57.5439937      0.9999E+00      0.9420E+00  0.41594179E-11      298.14971      298.15000
       59.2925325      0.9999E+00      0.9420E+00  0.41596538E-11      298.14984      298.15000
       61.0942025      0.9999E+00      0.9420E+00  0.41598967E-11      298.14993      298.15000
       62.9506183      0.9999E+00      0.9420E+00  0.41601494E-11      298.14998      298.15000
       64.8634434      0.9999E+00      0.9420E+00  0.41604112E-11      298.15018      298.15000
       66.8343918      0.9999E+00      0.9419E+00  0.41606808E-11      298.15015      298.15000
       68.8652296      0.9999E+00      0.9419E+00  0.41609595E-11      298.15003      298.15000
       70.9577768      0.9999E+00      0.9419E+00  0.41612476E-11      298.15004      298.15000
       73.1139083      0.9999E+00      0.9419E+00  0.41615454E-11      298.15021      298.15000
       75.3355564      0.9999E+00      0.9419E+00  0.41618525E-11      298.15008      298.15000
       77.6247117      0.9999E+00      0.9419E+00  0.41621709E-11      298.15022      298.15000
       79.9834255      0.9999E+00      0.9418E+00  0.41624955E-11      298.15006      298.15000
       82.4138115      0.9999E+00      0.9418E+00  0.41628393E-11      298.15002      298.15000
       84.9180475      0.9999E+00      0.9418E+00  0.41631900E-11      298.15007      298.15000
       87.4983775      0.9999E+00      0.9418E+00  0.41635540E-11      298.15005      298.15000
       90.1571138      0.9999E+00      0.9418E+00  0.41639253E-11      298.15006      298.15000
       92.8966387      0.9999E+00      0.9417E+00  0.41643153E-11      298.15006      298.15000
       95.7194071      0.9999E+00      0.9417E+00  0.41647219E-11      298.14988      298.15000
       98.6279486      0.9999E+00      0.9417E+00  0.41651376E-11      298.14996      298.15000
      101.6248693      0.9999E+00      0.9417E+00  0.41655671E-11      298.15005      298.15000
      104.7128548      0.9998E+00      0.9417E+00  0.41660128E-11      298.15007      298.15000
      107.8946722      0.9998E+00      0.9416E+00  0.41664762E-11      298.15008      298.15000
      111.1731727      0.9998E+00      0.9416E+00  0.41669541E-11      298.14992      298.15000
      114.5512941      0.9998E+00      0.9416E+00  0.41674438E-11      298.15006      298.15000
      118.0320636      0.9998E+00      0.9416E+00  0.41679608E-11      298.14993      298.15000
      121.6186001      0.9998E+00      0.9415E+00  0.41684899E-11      298.15008      298.15000
      125.3141175      0.9998E+00      0.9415E+00  0.41690404E-11      298.15012      298.15000
      129.1219274      0.9998E+00      0.9415E+00  0.41696097E-11      298.15022      298.15000
      133.0454418      0.9998E+00      0.9415E+00  0.41701950E-11      298.15006      298.15000
      137.0881766      0.9998E+00      0.9414E+00  0.41708096E-11      298.15001      298.15000
      141.2537545      0.9998E+00      0.9414E+00  0.41714415E-11      298.15006      298.15000
      145.5459081      0.9998E+00      0.9414E+00  0.41720992E-11      298.15009      298.15000
      149.9684836      0.9998E+00      0.9413E+00  0.41727789E-11      298.15001      298.15000
      154.5254440      0.9998E+00      0.9413E+00  0.41734838E-11      298.15012      298.15000
      159.2208727      0.9998E+00      0.9413E+00  0.41742142E-11      298.15011      298.15000
      164.0589773      0.9998E+00      0.9412E+00  0.41749654E-11      298.15005      298.15000
      169.0440932      0.9998E+00      0.9412E+00  0.41757572E-11      298.15002      298.15000
      174.1806873      0.9997E+00      0.9412E+00  0.41765719E-11      298.14997      298.15000
      179.4733627      0.9997E+00      0.9411E+00  0.41774147E-11      298.15005      298.15000
      184.9268619      0.9997E+00      0.9411E+00  0.41782927E-11      298.14993      298.15000
      190.5460718      0.9997E+00      0.9410E+00  0.41792009E-11      298.15002      298.15000
      196.3360277      0.9997E+00      0.9410E+00  0.41801333E-11      298.15005      298.15000
      202.3019179      0.9997E+00      0.9410E+00  0.41811216E-11      298.14999      298.15000
      208.4490883      0.9997E+00      0.9409E+00  0.41821330E-11      298.15004      298.15000
      214.7830474      0.9997E+00      0.9409E+00  0.41831888E-11      298.15019      298.15000
      221.3094710      0.9997E+00      0.9408E+00  0.41842808E-11      298.15016      298.15000
      228.0342072      0.9997E+00      0.9408E+00  0.41854138E-11      298.14997      298.15000
      234.9632821      0.9997E+00      0.9407E+00  0.41865900E-11      298.15004      298.15000
      242.1029047      0.9996E+00      0.9407E+00  0.41878104E-11      298.15010      298.15000
      249.4594727      0.9996E+00      0.9406E+00  0.41890727E-11      298.15004      298.15000
      257.0395783      0.9996E+00      0.9406E+00  0.41903903E-11      298.15004      298.15000
      264.8500139      0.9996E+00      0.9405E+00  0.41917557E-11      298.14997      298.15000
      272.8977783      0.9996E+00      0.9404E+00  0.41931707E-11      298.15003      298.15000
      281.1900830      0.9996E+00      0.9404E+00  0.41946375E-11      298.15003      298.15000
      289.7343588      0.9996E+00      0.9403E+00  0.41961672E-11      298.15006      298.15000
      298.5382619      0.9996E+00      0.9402E+00  0.41977525E-11      298.15002      298.15000
      307.6096815      0.9996E+00      0.9402E+00  0.41993947E-11      298.15004      298.15000
      316.9567463      0.9995E+00      0.9401E+00  0.42011021E-11      298.15005      298.15000
      326.5878322      0.9995E+00      0.9400E+00  0.42028770E-11      298.15001      298.15000
      336.5115694      0.9995E+00      0.9400E+00  0.42047166E-11      298.15004      298.15000
      346.7368505      0.9995E+00      0.9399E+00  0.42066247E-11      298.15003      298.15000
      357.2728382      0.9995E+00      0.9398E+00  0.42086119E-11      298.15005      298.15000
      368.1289736      0.9995E+00      0.9397E+00  0.42106661E-11      298.15001      298.15000
      379.3149850      0.9995E+00      0.9397E+00  0.42128110E-11      298.15003      298.15000
      390.8408958      0.9994E+00      0.9396E+00  0.42150343E-11      298.15005      298.15000
      402.7170343      0.9994E+00      0.9395E+00  0.42173409E-11      298.15007      298.15000
      414.9540426      0.9994E+00      0.9394E+00  0.42197362E-11      298.15004      298.15000
      427.5628862      0.9994E+00      0.9393E+00  0.42222237E-11      298.15002      298.15000
      440.5548635      0.9994E+00      0.9392E+00  0.42248060E-11      298.15001      298.15000
      453.9416167      0.9993E+00      0.9391E+00  0.42274842E-11      298.15001      298.15000
      467.7351413      0.9993E+00      0.9390E+00  0.42302723E-11      298.15001      298.15000
      481.9477976      0.9993E+00      0.9389E+00  0.42331701E-11      298.15001      298.15000
      496.5923215      0.9993E+00      0.9388E+00  0.42361746E-11      298.15002      298.15000
      511.6818355      0.9993E+00      0.9387E+00  0.42392962E-11      298.15002      298.15000
      527.2298614      0.9992E+00      0.9386E+00  0.42425383E-11      298.15001      298.15000
      543.2503315      0.9992E+00      0.9385E+00  0.42459063E-11      298.15002      298.15000
      559.7576015      0.9992E+00      0.9383E+00  0.42494036E-11      298.15001      298.15000
      576.7664634      0.9992E+00      0.9382E+00  0.42530376E-11      298.15002      298.15000
      594.2921586      0.9991E+00      0.9381E+00  0.42568131E-11      298.15002      298.15000
      612.3503917      0.9991E+00      0.9380E+00  0.42607346E-11      298.15002      298.15000
      630.9573445      0.9991E+00      0.9378E+00  0.42648092E-11      298.15001      298.15000
      650.1296903      0.9991E+00      0.9377E+00  0.42690427E-11      298.15001      298.15000
      669.8846094      0.9990E+00      0.9375E+00  0.42734420E-11      298.15001      298.15000
      690.2398038      0.9990E+00      0.9374E+00  0.42780138E-11      298.15001      298.15000
      711.2135137      0.9990E+00      0.9372E+00  0.42827654E-11      298.15001      298.15000
      732.8245331      0.9989E+00      0.9371E+00  0.42877037E-11      298.15000      298.15000
      755.0922277      0.9989E+00      0.9369E+00  0.42928378E-11      298.15000      298.15000
      778.0365510      0.9989E+00      0.9367E+00  0.42981751E-11      298.15000      298.15000
      801.6780634      0.9988E+00      0.9366E+00  0.43037250E-11      298.15000      298.15000
      826.0379496      0.9988E+00      0.9364E+00  0.43094956E-11      298.14999      298.15000
      851.1380382      0.9988E+00      0.9362E+00  0.43154964E-11      298.14999      298.15000
      877.0008211      0.9987E+00      0.9360E+00  0.43217371E-11      298.14999      298.15000
      903.6494737      0.9987E+00      0.9358E+00  0.43282275E-11      298.14999      298.15000
      931.1078755      0.9986E+00      0.9356E+00  0.43349771E-11      298.14999      298.15000
      959.4006315      0.9986E+00      0.9354E+00  0.43419962E-11      298.14998      298.15000
      988.5530947      0.9985E+00      0.9352E+00  0.43492948E-11      298.14998      298.15000
     1018.5913881      0.9985E+00      0.9350E+00  0.43568828E-11      298.14998      298.15000
     1049.5424287      0.9984E+00      0.9347E+00  0.43647721E-11      298.14998      298.15000
     1081.4339513      0.9984E+00      0.9345E+00  0.43729718E-11      298.14998      298.15000
     1114.2945336      0.9983E+00      0.9343E+00  0.43814946E-11      298.14998      298.15000
     1148.1536215      0.9983E+00      0.9340E+00  0.43903507E-11      298.14998      298.15000
     1183.0415557      0.9982E+00      0.9337E+00  0.43995539E-11      298.14998      298.15000
     1218.9895989      0.9982E+00      0.9335E+00  0.44091139E-11      298.14998      298.15000
     1256.0299637      0.9981E+00      0.9332E+00  0.44190464E-11      298.14998      298.15000
     1294.1958414      0.9981E+00      0.9329E+00  0.44293616E-11      298.14998      298.15000
     1333.5214322      0.9980E+00      0.9326E+00  0.44400750E-11      298.14998      298.15000
     1374.0419750      0.9979E+00      0.9323E+00  0.44512001E-11      298.14998      298.15000
     1415.7937800      0.9979E+00      0.9320E+00  0.44627522E-11      298.14998      298.15000
     1458.8142603      0.9978E+00      0.9317E+00  0.44747469E-11      298.14998      298.15000
     1503.1419661      0.9977E+00      0.9314E+00  0.44871991E-11      298.14998      298.15000
     1548.8166189      0.9977E+00      0.9311E+00  0.45001261E-11      298.14997      298.15000
     1595.8791472      0.9976E+00      0.9307E+00  0.45135448E-11      298.14998      298.15000
     1644.3717232      0.9975E+00      0.9303E+00  0.45274712E-11      298.14997      298.15000
     1694.3378004      0.9974E+00      0.9300E+00  0.45419282E-11      298.14997      298.15000
     1745.8221529      0.9974E+00      0.9296E+00  0.45569321E-11      298.14998      298.15000
     1798.8709151      0.9973E+00      0.9292E+00  0.45725045E-11      298.14998      298.15000
     1853.5316234      0.9972E+00      0.9288E+00  0.45886659E-11      298.14997      298.15000
     1909.8532586      0.9971E+00      0.9284E+00  0.46054376E-11      298.14998      298.15000
     1967.8862897      0.9970E+00      0.9280E+00  0.46228437E-11      298.14997      298.15000
     2027.6827195      0.9969E+00      0.9275E+00  0.46409090E-11      298.14997      298.15000
     2089.2961309      0.9968E+00      0.9271E+00  0.46596585E-11      298.14998      298.15000
     2152.7817347      0.9967E+00      0.9266E+00  0.46791160E-11      298.14997      298.15000
     2218.1964198      0.9966E+00      0.9261E+00  0.46993138E-11      298.14997      298.15000
     2285.5988034      0.9965E+00      0.9256E+00  0.47202770E-11      298.14997      298.15000
     2355.0492839      0.9964E+00      0.9251E+00  0.47420365E-11      298.14998      298.15000
     2426.6100951      0.9963E+00      0.9246E+00  0.47646244E-11      298.14998      298.15000
     2500.3453617      0.9962E+00      0.9240E+00  0.47880731E-11      298.14997      298.15000
     2576.3211570      0.9960E+00      0.9235E+00  0.48124190E-11      298.14997      298.15000
     2654.6055620      0.9959E+00      0.9229E+00  0.48377000E-11      298.14997      298.15000
     2735.2687263      0.9958E+00      0.9223E+00  0.48639515E-11      298.14998      298.15000
     2818.3829313      0.9956E+00      0.9217E+00  0.48912154E-11      298.14997      298.15000
     2904.0226545      0.9955E+00      0.9210E+00  0.49195321E-11      298.14997      298.15000
     2992.2646366      0.9953E+00      0.9204E+00  0.49489502E-11      298.14997      298.15000
     3083.1879502      0.9952E+00      0.9197E+00  0.49795114E-11      298.14996      298.15000
     3176.8740706      0.9950E+00      0.9190E+00  0.50112707E-11      298.14996      298.15000
     3273.4069488      0.9949E+00      0.9183E+00  0.50442866E-11      298.14996      298.15000
     3372.8730866      0.9947E+00      0.9176E+00  0.50785949E-11      298.14996      298.15000
     3475.3616144      0.9945E+00      0.9168E+00  0.51142754E-11      298.14996      298.15000
     3580.9643710      0.9944E+00      0.9161E+00  0.51513163E-11      298.14996      298.15000
     3689.7759857      0.9942E+00      0.9153E+00  0.51899655E-11      298.14996      298.15000
     3801.8939632      0.9940E+00      0.9144E+00  0.52300788E-11      298.14996      298.15000
     3917.4187711      0.9938E+00      0.9136E+00  0.52719245E-11      298.14995      298.15000
     4036.4539297      0.9936E+00      0.9127E+00  0.53153608E-11      298.14996      298.15000
     4159.1061049      0.9934E+00      0.9118E+00  0.53606907E-11      298.14995      298.15000
     4285.4852040      0.9932E+00      0.9109E+00  0.54079241E-11      298.14998      298.15000
     4415.7044735      0.9929E+00      0.9099E+00  0.54570826E-11      298.14996      298.15000
     4549.8806015      0.9927E+00      0.9089E+00  0.55082777E-11      298.14996      298.15000
     4688.1338215      0.9925E+00      0.9079E+00  0.55617496E-11      298.14996      298.15000
     4830.5880204      0.9922E+00      0.9069E+00  0.56174920E-11      298.14995      298.15000
     4977.3708498      0.9920E+00      0.9058E+00  0.56757600E-11      298.14994      298.15000
     5128.6138399      0.9917E+00      0.9047E+00  0.57365230E-11      298.14994      298.15000
     5284.4525178      0.9914E+00      0.9035E+00  0.58000065E-11      298.14994      298.15000
     5445.0265284      0.9912E+00      0.9024E+00  0.58663527E-11      298.14996      298.15000
     5610.4797603      0.9909E+00      0.9012E+00  0.59356721E-11      298.14995      298.15000
     5780.9604741      0.9906E+00      0.8999E+00  0.60079248E-11      298.14995      298.15000
     5956.6214353      0.9903E+00      0.8986E+00  0.60843736E-11      298.14995      298.15000
     6137.6200516      0.9899E+00      0.8973E+00  0.61639482E-11      298.14996      298.15000
     6324.1185138      0.9896E+00      0.8960E+00  0.62475503E-11      298.14995      298.15000
     6516.2839406      0.9893E+00      0.8946E+00  0.63352414E-11      298.14992      298.15000
     6714.2885293      0.9889E+00      0.8931E+00  0.64273053E-11      298.14996      298.15000
     6918.3097092      0.9886E+00      0.8917E+00  0.65240832E-11      298.14994      298.15000
     7128.5303013      0.9882E+00      0.8901E+00  0.66259494E-11      298.14994      298.15000
     7345.1386816      0.9878E+00      0.8886E+00  0.67332473E-11      298.14999      298.15000
     7568.3289502      0.9874E+00      0.8870E+00  0.68459368E-11      298.14995      298.15000
     7798.3011052      0.9870E+00      0.8853E+00  0.69658535E-11      298.14994      298.15000
     8035.2612219      0.9866E+00      0.8836E+00  0.70918093E-11      298.14994      298.15000
     8279.4216371      0.9861E+00      0.8819E+00  0.72258510E-11      298.14995      298.15000
     8531.0011402      0.9857E+00      0.8801E+00  0.73674948E-11      298.14994      298.15000
     8790.2251683      0.9852E+00      0.8782E+00  0.75181824E-11      298.14987      298.15000
     9057.3260090      0.9848E+00      0.8763E+00  0.76782652E-11      298.14985      298.15000
     9332.5430080      0.9843E+00      0.8744E+00  0.78484846E-11      298.14994      298.15000
     9616.1227838      0.9838E+00      0.8724E+00  0.80304703E-11      298.14987      298.15000
     9908.3194489      0.9833E+00      0.8703E+00  0.82242684E-11      298.14993      298.15000
    10209.3948371      0.9827E+00      0.8682E+00  0.84307212E-11      298.14992      298.15000
    10519.6187382      0.9822E+00      0.8660E+00  0.86496728E-11      298.14994      298.15000
    10839.2691402      0.9817E+00      0.8638E+00  0.88793547E-11      298.14993      298.15000
    11168.6324778      0.9811E+00      0.8615E+00  0.91143475E-11      298.14993      298.15000
    11508.0038894      0.9805E+00      0.8591E+00  0.93424129E-11      298.14994      298.15000
    11857.6874817      0.9799E+00      0.8567E+00  0.95433152E-11      298.14995      298.15000
    12217.9966016      0.9793E+00      0.8542E+00  0.96632730E-11      298.14998      298.15000
    12589.2541179      0.9787E+00      0.8517E+00  0.97491024E-11      298.14998      298.15000
    12971.7927098      0.9781E+00      0.8491E+00  0.98301601E-11      298.14997      298.15000
    13365.9551655      0.9774E+00      0.8464E+00  0.99069859E-11      298.14999      298.15000
    13772.0946889      0.9767E+00      0.8437E+00  0.99799836E-11      298.14999      298.15000
    14190.5752169      0.9761E+00      0.8409E+00  0.10049459E-10      298.14999      298.15000
    14621.7717446      0.9754E+00      0.8380E+00  0.10115727E-10      298.14993      298.15000
    15066.0706619      0.9746E+00      0.8350E+00  0.10179018E-10      298.15000      298.15000
    15523.8700996      0.9739E+00      0.8320E+00  0.10239668E-10      298.14999      298.15000
    15995.5802861      0.9731E+00      0.8289E+00  0.10297663E-10      298.15000      298.15000
    16481.6239153      0.9723E+00      0.8257E+00  0.10353614E-10      298.14998      298.15000
    16982.4365246      0.9715E+00      0.8224E+00  0.10407322E-10      298.15000      298.15000
    17498.4668862      0.9707E+00      0.8190E+00  0.10459306E-10      298.14997      298.15000
    18030.1774086      0.9698E+00      0.8156E+00  0.10509510E-10      298.15002      298.15000
    18578.0445509      0.9689E+00      0.8120E+00  0.10558205E-10      298.14998      298.15000
    19142.5592502      0.9680E+00      0.8084E+00  0.10605488E-10      298.15001      298.15000
    19724.2273611      0.9671E+00      0.8047E+00  0.10651394E-10      298.14999      298.15000
    20323.5701094      0.9661E+00      0.8008E+00  0.10696010E-10      298.14997      298.15000
    20941.1245585      0.9651E+00      0.7969E+00  0.10739293E-10      298.15017      298.15000
    21577.4440915      0.9641E+00      0.7929E+00  0.10781245E-10      298.15000      298.15000
    22233.0989065      0.9630E+00      0.7888E+00  0.10821817E-10      298.15000      298.15000
    22908.6765277      0.9619E+00      0.7846E+00  0.10860892E-10      298.15002      298.15000
    23604.7823318      0.9608E+00      0.7802E+00  0.10898663E-10      298.14997      298.15000
    24322.0400907      0.9597E+00      0.7758E+00  0.10934821E-10      298.14999      298.15000
    25061.0925303      0.9585E+00      0.7713E+00  0.10969700E-10      298.14859      298.15000
    25822.6019063      0.9572E+00      0.7666E+00  0.11002554E-10      298.14937      298.15000
    26607.2505980      0.9560E+00      0.7619E+00  0.11034056E-10      298.14723      298.15000
    27415.7417193      0.9547E+00      0.7570E+00  0.11063816E-10      298.14918      298.15000
    28248.7997492      0.9533E+00      0.7520E+00  0.11091968E-10      298.14770      298.15000
    29107.1711807      0.9519E+00      0.7469E+00  0.11118629E-10      298.14816      298.15000
    29991.6251899      0.9505E+00      0.7416E+00  0.11143972E-10      298.14935      298.15000
    30902.9543251      0.9490E+00      0.7363E+00  0.11167733E-10      298.14796      298.15000
    31841.9752173      0.9475E+00      0.7308E+00  0.11190189E-10      298.14880      298.15000
    32809.5293113      0.9459E+00      0.7252E+00  0.11211554E-10      298.14728      298.15000
    33806.4836206      0.9443E+00      0.7195E+00  0.11231626E-10      298.14723      298.15000
    34833.7315036      0.9426E+00      0.7136E+00  0.11250853E-10      298.14768      298.15000
    35892.1934645      0.9409E+00      0.7076E+00  0.11269111E-10      298.14865      298.15000
    36982.8179780      0.9391E+00      0.7015E+00  0.11286578E-10      298.14801      298.15000
    38106.5823394      0.9373E+00      0.6952E+00  0.11303686E-10      298.15073      298.15000
    39264.4935400      0.9354E+00      0.6888E+00  0.11319983E-10      298.14860      298.15000
    40457.5891697      0.9334E+00      0.6823E+00  0.11335952E-10      298.14979      298.15000
    41686.9383470      0.9314E+00      0.6756E+00  0.11351783E-10      298.14761      298.15000
    42953.6426765      0.9293E+00      0.6688E+00  0.11367114E-10      298.14981      298.15000
    44258.8372363      0.9271E+00      0.6619E+00  0.11382340E-10      298.14760      298.15000
    45603.6915951      0.9248E+00      0.6548E+00  0.11397727E-10      298.15055      298.15000
    46989.4108605      0.9225E+00      0.6475E+00  0.11413137E-10      298.14746      298.15000
    48417.2367584      0.9200E+00      0.6401E+00  0.11428424E-10      298.14735      298.15000
    49888.4487460      0.9175E+00      0.6326E+00  0.11443928E-10      298.14840      298.15000
    51404.3651582      0.9148E+00      0.6249E+00  0.11459643E-10      298.14786      298.15000
    52966.3443892      0.9121E+00      0.6170E+00  0.11475708E-10      298.14942      298.15000
    54575.7861091      0.9092E+00      0.6090E+00  0.11491964E-10      298.14793      298.15000
    56234.1325190      0.9061E+00      0.6009E+00  0.11508540E-10      298.14749      298.15000
    57942.8696427      0.9029E+00      0.5925E+00  0.11525604E-10      298.14893      298.15000
    59703.5286584      0.8994E+00      0.5840E+00  0.11543071E-10      298.14728      298.15000
    61517.6872710      0.8956E+00      0.5753E+00  0.11560723E-10      298.14874      298.15000
    63386.9711257      0.8912E+00      0.5663E+00  0.11578887E-10      298.15131      298.15000
    65313.0552647      0.7392E+00      0.5555E+00  0.11597425E-10      298.15338      298.15000
    67297.6656284      0.8687E-01      0.5397E+00  0.11612461E-10      298.15389      298.15000
    69342.5806017      0.1092E-02      0.5214E+00  0.11622645E-10      298.14984      298.15000
    71449.6326076      0.4666E-07      0.5015E+00  0.11629593E-10      298.14750      298.15000
    73620.7097495      0.2833E-14      0.4808E+00  0.11634172E-10      298.14815      298.15000
    75857.7575029      0.2097E-24      0.4594E+00  0.11636654E-10      298.14857      298.15000
    78162.7804588      0.1000E-29      0.4378E+00  0.11637383E-10      298.14861      298.15000
    80537.8441199      0.1000E-29      0.4160E+00  0.11636576E-10      298.14976      298.15000
    82985.0767514      0.1000E-29      0.3944E+00  0.11634410E-10      298.15214      298.15000
    85506.6712885      0.1000E-29      0.3729E+00  0.11631136E-10      298.15423      298.15000
    88104.8873008      0.1000E-29      0.3518E+00  0.11626900E-10      298.15363      298.15000
    90782.0530178      0.1000E-29      0.3311E+00  0.11621808E-10      298.15467      298.15000
    93540.5674148      0.1000E-29      0.3110E+00  0.11615937E-10      298.15539      298.15000
    96382.9023624      0.1000E-29      0.2913E+00  0.11609489E-10      298.15477      298.15000
    99311.6048421      0.1000E-29      0.2724E+00  0.11602460E-10      298.15433      298.15000
   102329.2992281      0.1000E-29      0.2540E+00  0.11595048E-10      298.15408      298.15000
   105438.6896391      0.1000E-29      0.2364E+00  0.11587106E-10      298.15392      298.15000
   108642.5623617      0.1000E-29      0.2194E+00  0.11578867E-10      298.15510      298.15000
   111943.7883467      0.1000E-29      0.2032E+00  0.11570289E-10      298.15446      298.15000
   115345.3257821      0.1000E-29      0.1878E+00  0.11561393E-10      298.15525      298.15000
   118850.2227437      0.1000E-29      0.1730E+00  0.11552195E-10      298.15469      298.15000
   122461.6199265      0.1000E-29      0.1591E+00  0.11542729E-10      298.15453      298.15000
   126182.7534591      0.1000E-29      0.1459E+00  0.11533008E-10      298.15438      298.15000
   130016.9578033      0.1000E-29      0.1334E+00  0.11523041E-10      298.15464      298.15000
   133967.6687426      0.1000E-29      0.1216E+00  0.11512727E-10      298.15465      298.15000
   138038.4264603      0.1000E-29      0.1106E+00  0.11502287E-10      298.15541      298.15000
   142232.8787123      0.1000E-29      0.1003E+00  0.11491619E-10      298.15396      298.15000
   146554.7840956      0.1000E-29      0.9068E-01  0.11480732E-10      298.15468      298.15000
   151008.0154164      0.1000E-29      0.8173E-01  0.11469497E-10      298.15542      298.15000
   155596.5631605      0.1000E-29      0.7343E-01  0.11458157E-10      298.15460      298.15000
   160324.5390690      0.1000E-29      0.6576E-01  0.11446579E-10      298.15360      298.15000
   165196.1798229      0.1000E-29      0.5869E-01  0.11434678E-10      298.15508      298.15000
   170215.8508395      0.1000E-29      0.5221E-01  0.11422545E-10      298.15468      298.15000
   175388.0501842      0.1000E-29      0.4627E-01  0.11410291E-10      298.15386      298.15000
   180717.4126011      0.1000E-29      0.4086E-01  0.11397698E-10      298.15438      298.15000
   186208.7136663      0.1000E-29      0.3595E-01  0.11384875E-10      298.15419      298.15000
   191866.8740670      0.1000E-29      0.3151E-01  0.11371821E-10      298.15432      298.15000
   197696.9640112      0.1000E-29      0.2750E-01  0.11358533E-10      298.15378      298.15000
   203704.2077706      0.1000E-29      0.2391E-01  0.11345007E-10      298.15459      298.15000
   209893.9883624      0.1000E-29      0.2070E-01  0.11331234E-10      298.15492      298.15000
   216271.8523727      0.1000E-29      0.1784E-01  0.11317213E-10      298.15270      298.15000
   222843.5149270      0.1000E-29      0.1530E-01  0.11302966E-10      298.15406      298.15000
   229614.8648112      0.1000E-29      0.1307E-01  0.11288492E-10      298.15523      298.15000
   236591.9697486      0.1000E-29      0.1111E-01  0.11273640E-10      298.15374      298.15000
   243781.0818369      0.1000E-29      0.9397E-02  0.11258653E-10      298.15541      298.15000
   251188.6431510      0.1000E-29      0.7908E-02  0.11243299E-10      298.15454      298.15000
   258821.2915153      0.1000E-29      0.6620E-02  0.11227831E-10      298.15525      298.15000
   266685.8664521      0.1000E-29      0.5513E-02  0.11211987E-10      298.15537      298.15000
   266685.8664521      0.1000E-29      0.5513E-02  0.11211987E-10      298.15526      298.15000
   274789.4153102      0.1000E-29      0.4565E-02  0.11196000E-10      298.15460      298.15000
   283139.1995799      0.1000E-29      0.3759E-02  0.11179628E-10      298.15466      298.15000
   291742.7014001      0.1000E-29      0.3077E-02  0.11163024E-10      298.15409      298.15000
   300607.6302628      0.1000E-29      0.2503E-02  0.11146278E-10      298.15373      298.15000
   309741.9299217      0.1000E-29      0.2024E-02  0.11129154E-10      298.15375      298.15000
   319153.7855101      0.1000E-29      0.1626E-02  0.11111772E-10      298.15413      298.15000
   328851.6308760      0.1000E-29      0.1298E-02  0.11094131E-10      298.15465      298.15000
   338844.1561392      0.1000E-29      0.1029E-02  0.11076230E-10      298.15464      298.15000
   349140.3154786      0.1000E-29      0.8100E-03  0.11058072E-10      298.15537      298.15000
   359749.3351557      0.1000E-29      0.6330E-03  0.11039652E-10      298.15538      298.15000
   370680.7217826      0.1000E-29      0.4910E-03  0.11020966E-10      298.15420      298.15000
   381944.2708400      0.1000E-29      0.3780E-03  0.11002007E-10      298.15504      298.15000
   393550.0754558      0.1000E-29      0.2887E-03  0.10982690E-10      298.15297      298.15000
   405508.5354484      0.1000E-29      0.2187E-03  0.10963236E-10      298.15485      298.15000
   417830.3666466      0.1000E-29      0.1643E-03  0.10943530E-10      298.15490      298.15000
   430526.6104917      0.1000E-29      0.1224E-03  0.10923524E-10      298.15477      298.15000
   443608.6439314      0.1000E-29      0.9033E-04  0.10903193E-10      298.15501      298.15000
   457088.1896149      0.1000E-29      0.6608E-04  0.10882707E-10      298.15497      298.15000
   470977.3263970      0.1000E-29      0.4788E-04  0.10861849E-10      298.15296      298.15000
   485288.5001621      0.1000E-29      0.3436E-04  0.10840830E-10      298.15497      298.15000
   500034.5349770      0.1000E-29      0.2441E-04  0.10819566E-10      298.15455      298.15000
   515228.6445818      0.1000E-29      0.1716E-04  0.10797955E-10      298.15529      298.15000
   530884.4442310      0.1000E-29      0.1194E-04  0.10776135E-10      298.15507      298.15000
   547015.9628940      0.1000E-29      0.8218E-05  0.10754070E-10      298.15475      298.15000
   563637.6558260      0.1000E-29      0.5592E-05  0.10731710E-10      298.15397      298.15000
   580764.4175213      0.1000E-29      0.3761E-05  0.10709222E-10      298.15470      298.15000
   598411.5950603      0.1000E-29      0.2500E-05  0.10686353E-10      298.15487      298.15000
   616595.0018615      0.1000E-29      0.1641E-05  0.10663381E-10      298.15496      298.15000
   635330.9318517      0.1000E-29      0.1064E-05  0.10640062E-10      298.15468      298.15000
   654636.1740673      0.1000E-29      0.6805E-06  0.10616500E-10      298.15303      298.15000
   674528.0276979      0.1000E-29      0.4295E-06  0.10592842E-10      298.15461      298.15000
   695024.3175888      0.1000E-29      0.2674E-06  0.10568825E-10      298.15493      298.15000
   716143.4102129      0.1000E-29      0.1641E-06  0.10544651E-10      298.15475      298.15000
   737904.2301291      0.1000E-29      0.9923E-07  0.10520261E-10      298.15481      298.15000
   760326.2769402      0.1000E-29      0.5910E-07  0.10495606E-10      298.15435      298.15000
   783429.6427662      0.1000E-29      0.3466E-07  0.10470732E-10      298.15537      298.15000
