        0.0000100      0.1000E+01      0.9424E+00  0.00000000E+00      298.15128      298.15000
        0.0000103      0.1000E+01      0.9424E+00  0.00000000E+00      298.14474      298.15000
        0.0000106      0.1000E+01      0.9424E+00  0.00000000E+00      298.14462      298.15000
        0.0000109      0.1000E+01      0.9424E+00  0.00000000E+00      298.14449      298.15000
        0.0000113      0.1000E+01      0.9424E+00  0.00000000E+00      298.14435      298.15000
        0.0000116      0.1000E+01      0.9424E+00  0.00000000E+00      298.14422      298.15000
        0.0000120      0.1000E+01      0.9424E+00  0.00000000E+00      298.14407      298.15000
        0.0000123      0.1000E+01      0.9424E+00  0.00000000E+00      298.14393      298.15000
        0.0000127      0.1000E+01      0.9424E+00  0.00000000E+00      298.14378      298.15000
        0.0000131      0.1000E+01      0.9424E+00  0.00000000E+00      298.14362      298.15000
        0.0000135      0.1000E+01      0.9424E+00  0.00000000E+00      298.14346      298.15000
        0.0000139      0.1000E+01      0.9424E+00  0.00000000E+00      298.14330      298.15000
        0.0000143      0.1000E+01      0.9424E+00  0.00000000E+00      298.14313      298.15000
        0.0000148      0.1000E+01      0.9424E+00  0.00000000E+00      298.14295      298.15000
        0.0000152      0.1000E+01      0.9424E+00  0.00000000E+00      298.14277      298.15000
        0.0000157      0.1000E+01      0.9424E+00  0.00000000E+00      298.14259      298.15000
        0.0000161      0.1000E+01      0.9424E+00  0.00000000E+00      298.14240      298.15000
        0.0000166      0.1000E+01      0.9424E+00  0.00000000E+00      298.14220      298.15000
        0.0000171      0.1000E+01      0.9424E+00  0.00000000E+00      298.14199      298.15000
        0.0000177      0.1000E+01      0.9424E+00  0.00000000E+00      298.14178      298.15000
        0.0000182      0.1000E+01      0.9424E+00  0.00000000E+00      298.14157      298.15000
        0.0000187      0.1000E+01      0.9424E+00  0.00000000E+00      298.14135      298.15000
        0.0000193      0.1000E+01      0.9424E+00  0.00000000E+00      298.14112      298.15000
        0.0000199      0.1000E+01      0.9424E+00  0.00000000E+00      298.14088      298.15000
        0.0000205      0.1000E+01      0.9424E+00  0.00000000E+00      298.14064      298.15000
        0.0000211      0.1000E+01      0.9424E+00  0.00000000E+00      298.14039      298.15000
        0.0000218      0.1000E+01      0.9424E+00  0.00000000E+00      298.14013      298.15000
        0.0000224      0.1000E+01      0.9424E+00  0.00000000E+00      298.13987      298.15000
        0.0000231      0.1000E+01      0.9424E+00  0.00000000E+00      298.13959      298.15000
        0.0000238      0.1000E+01      0.9424E+00  0.00000000E+00      298.13931      298.15000
        0.0000245      0.1000E+01      0.9424E+00  0.00000000E+00      298.13902      298.15000
        0.0000253      0.1000E+01      0.9424E+00  0.00000000E+00      298.13872      298.15000
        0.0000261      0.1000E+01      0.9424E+00  0.00000000E+00      298.13842      298.15000
        0.0000269      0.1000E+01      0.9424E+00  0.00000000E+00      298.13810      298.15000
        0.0000277      0.1000E+01      0.9424E+00  0.00000000E+00      298.13778      298.15000
        0.0000285      0.1000E+01      0.9424E+00  0.00000000E+00      298.13744      298.15000
        0.0000294      0.1000E+01      0.9424E+00  0.00000000E+00      298.13709      298.15000
        0.0000303      0.1000E+01      0.9424E+00  0.00000000E+00      298.13674      298.15000
        0.0000312      0.1000E+01      0.9424E+00  0.00000000E+00      298.13637      298.15000
        0.0000321      0.1000E+01      0.9424E+00  0.00000000E+00      298.13600      298.15000
        0.0000331      0.1000E+01      0.9424E+00  0.00000000E+00      298.13561      298.15000
        0.0000341      0.1000E+01      0.9424E+00  0.00000000E+00      298.13521      298.15000
        0.0000352      0.1000E+01      0.9424E+00  0.00000000E+00      298.13480      298.15000
        0.0000362      0.1000E+01      0.9424E+00  0.00000000E+00      298.13437      298.15000
        0.0000373      0.1000E+01      0.9424E+00  0.00000000E+00      298.13394      298.15000
        0.0000385      0.1000E+01      0.9424E+00  0.00000000E+00      298.13349      298.15000
        0.0000396      0.1000E+01      0.9424E+00  0.00000000E+00      298.13303      298.15000
        0.0000408      0.1000E+01      0.9424E+00  0.00000000E+00      298.13255      298.15000
        0.0000421      0.1000E+01      0.9424E+00  0.00000000E+00      298.13206      298.15000
        0.0000434      0.1000E+01      0.9424E+00  0.00000000E+00      298.13155      298.15000
        0.0000447      0.1000E+01      0.9424E+00  0.00000000E+00      298.13104      298.15000
        0.0000460      0.1000E+01      0.9424E+00  0.00000000E+00      298.13051      298.15000
        0.0000474      0.1000E+01      0.9424E+00  0.00000000E+00      298.12995      298.15000
        0.0000489      0.1000E+01      0.9424E+00  0.00000000E+00      298.12938      298.15000
        0.0000504      0.1000E+01      0.9424E+00  0.00000000E+00      298.12879      298.15000
        0.0000519      0.1000E+01      0.9424E+00  0.00000000E+00      298.12818      298.15000
        0.0000535      0.1000E+01      0.9424E+00  0.00000000E+00      298.12757      298.15000
        0.0000551      0.1000E+01      0.9424E+00  0.00000000E+00      298.12695      298.15000
        0.0000568      0.1000E+01      0.9424E+00  0.00000000E+00      298.12632      298.15000
        0.0000585      0.1000E+01      0.9424E+00  0.00000000E+00      298.12560      298.15000
        0.0000603      0.1000E+01      0.9424E+00  0.00000000E+00      298.12497      298.15000
        0.0000621      0.1000E+01      0.9424E+00  0.00000000E+00      298.12422      298.15000
        0.0000640      0.1000E+01      0.9424E+00  0.00000000E+00      298.12363      298.15000
        0.0000659      0.1000E+01      0.9424E+00  0.00000000E+00      298.12290      298.15000
        0.0000679      0.1000E+01      0.9424E+00  0.00000000E+00      298.12222      298.15000
        0.0000700      0.1000E+01      0.9424E+00  0.00000000E+00      298.12188      298.15000
        0.0000721      0.1000E+01      0.9424E+00  0.00000000E+00      298.12109      298.15000
        0.0000743      0.1000E+01      0.9424E+00  0.00000000E+00      298.11956      298.15000
        0.0000766      0.1000E+01      0.9424E+00  0.00000000E+00      298.11850      298.15000
        0.0000789      0.1000E+01      0.9424E+00  0.00000000E+00      298.11763      298.15000
        0.0000813      0.1000E+01      0.9424E+00  0.00000000E+00      298.11672      298.15000
        0.0000838      0.1000E+01      0.9424E+00  0.00000000E+00      298.11566      298.15000
        0.0000863      0.1000E+01      0.9424E+00  0.00000000E+00      298.11470      298.15000
        0.0000889      0.1000E+01      0.9424E+00  0.00000000E+00      298.11370      298.15000
        0.0000916      0.1000E+01      0.9424E+00  0.00000000E+00      298.11258      298.15000
        0.0000944      0.1000E+01      0.9424E+00  0.00000000E+00      298.11152      298.15000
        0.0000973      0.1000E+01      0.9424E+00  0.00000000E+00      298.11035      298.15000
        0.0001002      0.1000E+01      0.9424E+00  0.00000000E+00      298.10922      298.15000
        0.0001033      0.1000E+01      0.9424E+00  0.00000000E+00      298.10806      298.15000
        0.0001064      0.1000E+01      0.9424E+00  0.00000000E+00      298.10679      298.15000
        0.0001096      0.1000E+01      0.9424E+00  0.00000000E+00      298.10555      298.15000
        0.0001130      0.1000E+01      0.9424E+00  0.00000000E+00      298.10422      298.15000
        0.0001164      0.1000E+01      0.9424E+00  0.00000000E+00      298.10290      298.15000
        0.0001199      0.1000E+01      0.9424E+00  0.00000000E+00      298.10149      298.15000
        0.0001236      0.1000E+01      0.9424E+00  0.00000000E+00      298.10010      298.15000
        0.0001274      0.1000E+01      0.9424E+00  0.00000000E+00      298.09860      298.15000
        0.0001312      0.1000E+01      0.9424E+00  0.00000000E+00      298.09712      298.15000
        0.0001352      0.1000E+01      0.9424E+00  0.00000000E+00      298.09554      298.15000
        0.0001393      0.1000E+01      0.9424E+00  0.00000000E+00      298.09396      298.15000
        0.0001435      0.1000E+01      0.9424E+00  0.00000000E+00      298.09229      298.15000
        0.0001479      0.1000E+01      0.9424E+00  0.00000000E+00      298.09061      298.15000
        0.0001524      0.1000E+01      0.9424E+00  0.00000000E+00      298.08884      298.15000
        0.0001570      0.1000E+01      0.9424E+00  0.00000000E+00      298.08706      298.15000
        0.0001618      0.1000E+01      0.9424E+00  0.00000000E+00      298.08518      298.15000
        0.0001667      0.1000E+01      0.9424E+00  0.00000000E+00      298.08329      298.15000
        0.0001718      0.1000E+01      0.9424E+00  0.00000000E+00      298.08130      298.15000
        0.0001770      0.1000E+01      0.9424E+00  0.00000000E+00      298.07930      298.15000
        0.0001824      0.1000E+01      0.9424E+00  0.00000000E+00      298.07718      298.15000
        0.0001879      0.1000E+01      0.9424E+00  0.00000000E+00      298.07505      298.15000
        0.0001936      0.1000E+01      0.9424E+00  0.00000000E+00      298.07281      298.15000
        0.0001995      0.1000E+01      0.9424E+00  0.00000000E+00      298.07055      298.15000
        0.0002056      0.1000E+01      0.9424E+00  0.00000000E+00      298.06821      298.15000
        0.0002118      0.1000E+01      0.9424E+00  0.00000000E+00      298.06581      298.15000
        0.0002183      0.1000E+01      0.9424E+00  0.00000000E+00      298.06333      298.15000
        0.0002249      0.1000E+01      0.9424E+00  0.00000000E+00      298.06077      298.15000
        0.0002317      0.1000E+01      0.9424E+00  0.00000000E+00      298.05813      298.15000
        0.0002388      0.1000E+01      0.9424E+00  0.00000000E+00      298.05541      298.15000
        0.0002460      0.1000E+01      0.9424E+00  0.00000000E+00      298.05260      298.15000
        0.0002535      0.1000E+01      0.9424E+00  0.00000000E+00      298.04971      298.15000
        0.0002612      0.1000E+01      0.9424E+00  0.00000000E+00      298.04678      298.15000
        0.0002692      0.1000E+01      0.9424E+00  0.00000000E+00      298.04370      298.15000
        0.0002773      0.1000E+01      0.9424E+00  0.00000000E+00      298.04058      298.15000
        0.0002858      0.1000E+01      0.9424E+00  0.00000000E+00      298.03736      298.15000
        0.0002944      0.1000E+01      0.9424E+00  0.00000000E+00      298.03405      298.15000
        0.0003034      0.1000E+01      0.9424E+00  0.00000000E+00      298.03063      298.15000
        0.0003126      0.1000E+01      0.9424E+00  0.00000000E+00      298.02710      298.15000
        0.0003221      0.1000E+01      0.9424E+00  0.00000000E+00      298.02347      298.15000
        0.0003319      0.1000E+01      0.9424E+00  0.00000000E+00      298.01973      298.15000
        0.0003420      0.1000E+01      0.9424E+00  0.00000000E+00      298.01588      298.15000
        0.0003524      0.1000E+01      0.9424E+00  0.00000000E+00      298.01190      298.15000
        0.0003631      0.1000E+01      0.9424E+00  0.00000000E+00      298.00789      298.15000
        0.0003741      0.1000E+01      0.9424E+00  0.00000000E+00      298.00368      298.15000
        0.0003855      0.1000E+01      0.9424E+00  0.00000000E+00      297.99935      298.15000
        0.0003972      0.1000E+01      0.9424E+00  0.00000000E+00      297.99489      298.15000
        0.0004093      0.1000E+01      0.9424E+00  0.00000000E+00      297.99038      298.15000
        0.0004217      0.1000E+01      0.9424E+00  0.00000000E+00      297.98567      298.15000
        0.0004345      0.1000E+01      0.9424E+00  0.00000000E+00      297.98083      298.15000
        0.0004477      0.1000E+01      0.9424E+00  0.00000000E+00      297.97584      298.15000
        0.0004613      0.1000E+01      0.9424E+00  0.00000000E+00      297.97073      298.15000
        0.0004753      0.1000E+01      0.9424E+00  0.00000000E+00      297.96547      298.15000
        0.0004898      0.1000E+01      0.9424E+00  0.00000000E+00      297.96007      298.15000
        0.0005047      0.1000E+01      0.9424E+00  0.00000000E+00      297.95452      298.15000
        0.0005200      0.1000E+01      0.9424E+00  0.00000000E+00      297.94872      298.15000
        0.0005358      0.1000E+01      0.9424E+00  0.00000000E+00      297.94287      298.15000
        0.0005521      0.1000E+01      0.9424E+00  0.00000000E+00      297.93676      298.15000
        0.0005689      0.1000E+01      0.9424E+00  0.00000000E+00      297.93058      298.15000
        0.0005861      0.1000E+01      0.9424E+00  0.00000000E+00      297.92413      298.15000
        0.0006039      0.1000E+01      0.9424E+00  0.00000000E+00      297.91751      298.15000
        0.0006223      0.1000E+01      0.9424E+00  0.00000000E+00      297.91081      298.15000
        0.0006412      0.1000E+01      0.9424E+00  0.00000000E+00      297.90382      298.15000
        0.0006607      0.1000E+01      0.9424E+00  0.00000000E+00      297.89663      298.15000
        0.0006808      0.1000E+01      0.9424E+00  0.00000000E+00      297.88923      298.15000
        0.0007015      0.1000E+01      0.9424E+00  0.00000000E+00      297.88163      298.15000
        0.0007228      0.1000E+01      0.9424E+00  0.00000000E+00      297.87382      298.15000
        0.0007447      0.1000E+01      0.9424E+00  0.00000000E+00      297.86589      298.15000
        0.0007674      0.1000E+01      0.9424E+00  0.00000000E+00      297.85762      298.15000
        0.0007907      0.1000E+01      0.9424E+00  0.00000000E+00      297.84910      298.15000
        0.0008147      0.1000E+01      0.9424E+00  0.00000000E+00      297.84046      298.15000
        0.0008395      0.1000E+01      0.9424E+00  0.00000000E+00      297.83156      298.15000
        0.0008650      0.1000E+01      0.9424E+00  0.00000000E+00      297.82227      298.15000
        0.0008913      0.1000E+01      0.9424E+00  0.00000000E+00      297.81282      298.15000
        0.0009183      0.1000E+01      0.9424E+00  0.00000000E+00      297.80323      298.15000
        0.0009462      0.1000E+01      0.9424E+00  0.00000000E+00      297.79321      298.15000
        0.0009750      0.1000E+01      0.9424E+00  0.00000000E+00      297.78302      298.15000
        0.0010046      0.1000E+01      0.9424E+00  0.00000000E+00      297.77252      298.15000
        0.0010351      0.1000E+01      0.9424E+00  0.00000000E+00      297.76170      298.15000
        0.0010666      0.1000E+01      0.9424E+00  0.00000000E+00      297.75053      298.15000
        0.0010990      0.1000E+01      0.9424E+00  0.00000000E+00      297.73918      298.15000
        0.0011324      0.1000E+01      0.9424E+00  0.00000000E+00      297.72748      298.15000
        0.0011668      0.1000E+01      0.9424E+00  0.00000000E+00      297.71562      298.15000
        0.0012023      0.1000E+01      0.9424E+00  0.00000000E+00      297.70316      298.15000
        0.0012388      0.1000E+01      0.9424E+00  0.00000000E+00      297.69052      298.15000
        0.0012764      0.1000E+01      0.9424E+00  0.00000000E+00      297.67774      298.15000
        0.0013152      0.1000E+01      0.9424E+00  0.00000000E+00      297.66427      298.15000
        0.0013552      0.1000E+01      0.9424E+00  0.00000000E+00      297.65064      298.15000
        0.0013964      0.1000E+01      0.9424E+00  0.00000000E+00      297.63656      298.15000
        0.0014388      0.1000E+01      0.9424E+00  0.00000000E+00      297.62243      298.15000
        0.0014825      0.1000E+01      0.9424E+00  0.00000000E+00      297.60787      298.15000
        0.0015276      0.1000E+01      0.9424E+00  0.00000000E+00      297.59284      298.15000
        0.0015740      0.1000E+01      0.9424E+00  0.00000000E+00      297.57723      298.15000
        0.0016218      0.1000E+01      0.9424E+00  0.00000000E+00      297.56240      298.15000
        0.0016711      0.1000E+01      0.9424E+00  0.00000000E+00      297.54678      298.15000
        0.0017219      0.1000E+01      0.9424E+00  0.00000000E+00      297.52832      298.15000
        0.0017742      0.1000E+01      0.9424E+00  0.00000000E+00      297.51134      298.15000
        0.0018281      0.1000E+01      0.9424E+00  0.00000000E+00      297.49364      298.15000
        0.0018836      0.1000E+01      0.9424E+00  0.00000000E+00      297.47549      298.15000
        0.0019409      0.1000E+01      0.9424E+00  0.00000000E+00      297.45711      298.15000
        0.0019999      0.1000E+01      0.9424E+00  0.00000000E+00      297.43789      298.15000
        0.0020606      0.1000E+01      0.9424E+00  0.00000000E+00      297.41884      298.15000
        0.0021232      0.1000E+01      0.9424E+00  0.00000000E+00      297.39898      298.15000
        0.0021878      0.1000E+01      0.9424E+00  0.00000000E+00      297.37842      298.15000
        0.0022542      0.1000E+01      0.9424E+00  0.00000000E+00      297.35781      298.15000
        0.0023227      0.1000E+01      0.9424E+00  0.00000000E+00      297.33651      298.15000
        0.0023933      0.1000E+01      0.9424E+00  0.00000000E+00      297.31479      298.15000
        0.0024660      0.1000E+01      0.9424E+00  0.00000000E+00      297.29264      298.15000
        0.0025410      0.1000E+01      0.9424E+00  0.00000000E+00      297.26983      298.15000
        0.0026182      0.1000E+01      0.9424E+00  0.00000000E+00      297.24659      298.15000
        0.0026977      0.1000E+01      0.9424E+00  0.00000000E+00      297.22271      298.15000
        0.0027797      0.1000E+01      0.9424E+00  0.00000000E+00      297.19856      298.15000
        0.0028642      0.1000E+01      0.9424E+00  0.00000000E+00      297.17360      298.15000
        0.0029512      0.1000E+01      0.9424E+00  0.00000000E+00      297.14834      298.15000
        0.0030409      0.1000E+01      0.9424E+00  0.00000000E+00      297.12245      298.15000
        0.0031333      0.1000E+01      0.9424E+00  0.00000000E+00      297.09595      298.15000
        0.0032285      0.1000E+01      0.9424E+00  0.00000000E+00      297.06896      298.15000
        0.0033266      0.1000E+01      0.9424E+00  0.00000000E+00      297.04137      298.15000
        0.0034277      0.1000E+01      0.9424E+00  0.00000000E+00      297.01316      298.15000
        0.0035318      0.1000E+01      0.9424E+00  0.00000000E+00      296.98448      298.15000
        0.0036392      0.1000E+01      0.9424E+00  0.00000000E+00      296.95519      298.15000
        0.0037497      0.1000E+01      0.9424E+00  0.00000000E+00      296.92531      298.15000
        0.0038637      0.1000E+01      0.9424E+00  0.00000000E+00      296.89483      298.15000
        0.0039811      0.1000E+01      0.9424E+00  0.00000000E+00      296.86377      298.15000
        0.0041020      0.1000E+01      0.9424E+00  0.00000000E+00      296.83212      298.15000
        0.0042267      0.1000E+01      0.9424E+00  0.00000000E+00      296.79990      298.15000
        0.0043551      0.1000E+01      0.9424E+00  0.00000000E+00      296.76710      298.15000
        0.0044875      0.1000E+01      0.9424E+00  0.00000000E+00      296.73365      298.15000
        0.0046238      0.1000E+01      0.9424E+00  0.00000000E+00      296.69963      298.15000
        0.0047643      0.1000E+01      0.9424E+00  0.00000000E+00      296.66506      298.15000
        0.0049091      0.1000E+01      0.9424E+00  0.00000000E+00      296.62987      298.15000
        0.0050582      0.1000E+01      0.9424E+00  0.00000000E+00      296.59405      298.15000
        0.0052119      0.1000E+01      0.9424E+00  0.00000000E+00      296.55770      298.15000
        0.0053703      0.1000E+01      0.9424E+00  0.00000000E+00      296.52069      298.15000
        0.0055335      0.1000E+01      0.9424E+00  0.00000000E+00      296.48317      298.15000
        0.0057016      0.1000E+01      0.9424E+00  0.00000000E+00      296.44500      298.15000
        0.0058749      0.1000E+01      0.9424E+00  0.00000000E+00      296.40628      298.15000
        0.0060534      0.1000E+01      0.9424E+00  0.00000000E+00      296.36696      298.15000
        0.0062373      0.1000E+01      0.9424E+00  0.00000000E+00      296.32710      298.15000
        0.0064269      0.1000E+01      0.9424E+00  0.00000000E+00      296.28667      298.15000
        0.0066222      0.1000E+01      0.9424E+00  0.00000000E+00      296.24563      298.15000
        0.0068234      0.1000E+01      0.9424E+00  0.00000000E+00      296.20410      298.15000
        0.0070307      0.1000E+01      0.9424E+00  0.00000000E+00      296.16204      298.15000
        0.0072444      0.1000E+01      0.9424E+00  0.00000000E+00      296.11943      298.15000
        0.0074645      0.1000E+01      0.9424E+00  0.00000000E+00      296.07628      298.15000
        0.0076913      0.1000E+01      0.9424E+00  0.00000000E+00      296.03265      298.15000
        0.0079250      0.1000E+01      0.9424E+00  0.00000000E+00      295.98851      298.15000
        0.0081658      0.1000E+01      0.9424E+00  0.00000000E+00      295.94389      298.15000
        0.0084140      0.1000E+01      0.9424E+00  0.00000000E+00      295.89879      298.15000
        0.0086696      0.1000E+01      0.9424E+00  0.00000000E+00      295.85323      298.15000
        0.0089331      0.1000E+01      0.9424E+00  0.00000000E+00      295.80725      298.15000
        0.0092045      0.1000E+01      0.9424E+00  0.00000000E+00      295.76084      298.15000
        0.0094842      0.1000E+01      0.9424E+00  0.00000000E+00      295.71401      298.15000
        0.0097724      0.1000E+01      0.9424E+00  0.00000000E+00      295.66681      298.15000
        0.0100693      0.1000E+01      0.9424E+00  0.00000000E+00      295.61921      298.15000
        0.0103753      0.1000E+01      0.9424E+00  0.00000000E+00      295.57129      298.15000
        0.0106905      0.1000E+01      0.9424E+00  0.00000000E+00      295.52301      298.15000
        0.0110154      0.1000E+01      0.9424E+00  0.00000000E+00      295.47444      298.15000
        0.0113501      0.1000E+01      0.9424E+00  0.00000000E+00      295.42558      298.15000
        0.0116950      0.1000E+01      0.9424E+00  0.00000000E+00      295.37646      298.15000
        0.0120504      0.1000E+01      0.9424E+00  0.00000000E+00      295.32710      298.15000
        0.0124165      0.1000E+01      0.9424E+00  0.00000000E+00      295.27751      298.15000
        0.0127938      0.1000E+01      0.9424E+00  0.00000000E+00      295.22771      298.15000
        0.0131826      0.1000E+01      0.9424E+00  0.00000000E+00      295.17775      298.15000
        0.0135831      0.1000E+01      0.9424E+00  0.00000000E+00      295.12763      298.15000
        0.0139959      0.1000E+01      0.9424E+00  0.00000000E+00      295.07737      298.15000
        0.0144212      0.1000E+01      0.9424E+00  0.00000000E+00      295.02700      298.15000
        0.0148594      0.1000E+01      0.9424E+00  0.00000000E+00      294.97653      298.15000
        0.0153109      0.1000E+01      0.9424E+00  0.00000000E+00      294.92600      298.15000
        0.0157761      0.1000E+01      0.9424E+00  0.00000000E+00      294.87540      298.15000
        0.0162555      0.1000E+01      0.9424E+00  0.00000000E+00      294.82478      298.15000
        0.0167494      0.1000E+01      0.9424E+00  0.00000000E+00      294.77415      298.15000
        0.0172584      0.1000E+01      0.9424E+00  0.00000000E+00      294.72360      298.15000
        0.0177828      0.1000E+01      0.9424E+00  0.00000000E+00      294.67314      298.15000
        0.0183231      0.1000E+01      0.9424E+00  0.00000000E+00      294.62282      298.15000
        0.0188799      0.1000E+01      0.9424E+00  0.00000000E+00      294.57272      298.15000
        0.0194536      0.1000E+01      0.9424E+00  0.00000000E+00      294.52287      298.15000
        0.0200447      0.1000E+01      0.9424E+00  0.00000000E+00      294.47334      298.15000
        0.0206538      0.1000E+01      0.9424E+00  0.00000000E+00      294.42418      298.15000
        0.0212814      0.1000E+01      0.9424E+00  0.00000000E+00      294.37540      298.15000
        0.0219280      0.1000E+01      0.9424E+00  0.00000000E+00      294.32708      298.15000
        0.0225944      0.1000E+01      0.9424E+00  0.00000000E+00      294.27912      298.15000
        0.0232809      0.1000E+01      0.9424E+00  0.00000000E+00      294.23164      298.15000
        0.0239883      0.1000E+01      0.9424E+00  0.00000000E+00      294.18458      298.15000
        0.0247172      0.1000E+01      0.9424E+00  0.00000000E+00      294.13798      298.15000
        0.0254683      0.1000E+01      0.9424E+00  0.00000000E+00      294.09198      298.15000
        0.0262422      0.1000E+01      0.9424E+00  0.00000000E+00      294.04662      298.15000
        0.0270396      0.1000E+01      0.9424E+00  0.00000000E+00      294.00212      298.15000
        0.0278612      0.1000E+01      0.9424E+00  0.00000000E+00      293.95867      298.15000
        0.0287078      0.1000E+01      0.9424E+00  0.00000000E+00      293.91659      298.15000
        0.0295801      0.1000E+01      0.9424E+00  0.00000000E+00      293.87601      298.15000
        0.0304789      0.1000E+01      0.9424E+00  0.00000000E+00      293.83714      298.15000
        0.0314051      0.1000E+01      0.9424E+00  0.00000000E+00      293.79991      298.15000
        0.0323594      0.1000E+01      0.9424E+00  0.00000000E+00      293.76433      298.15000
        0.0333426      0.1000E+01      0.9424E+00  0.00000000E+00      293.73041      298.15000
        0.0343558      0.1000E+01      0.9424E+00  0.00000000E+00      293.69837      298.15000
        0.0353997      0.1000E+01      0.9424E+00  0.00000000E+00      293.66873      298.15000
        0.0364754      0.1000E+01      0.9424E+00  0.00000000E+00      293.64234      298.15000
        0.0375837      0.1000E+01      0.9424E+00  0.00000000E+00      293.62071      298.15000
        0.0387258      0.1000E+01      0.9424E+00  0.00000000E+00      293.60649      298.15000
        0.0399025      0.1000E+01      0.9424E+00  0.00000000E+00      293.60504      298.15000
        0.0411150      0.1000E+01      0.9424E+00  0.00000000E+00      293.62502      298.15000
        0.0423643      0.1000E+01      0.9424E+00  0.00000000E+00      293.68353      298.15000
        0.0436516      0.1000E+01      0.9424E+00  0.00000000E+00      293.82727      298.15000
        0.0449780      0.1000E+01      0.9424E+00  0.00000000E+00      294.36874      298.15000
        0.0463447      0.1000E+01      0.9424E+00  0.00000000E+00      297.73175      298.15000
        0.0477529      0.1000E+01      0.9424E+00  0.00000000E+00      297.74355      298.15000
        0.0492040      0.1000E+01      0.9424E+00  0.00000000E+00      297.75198      298.15000
        0.0506991      0.1000E+01      0.9424E+00  0.00000000E+00      297.75940      298.15000
        0.0522396      0.1000E+01      0.9424E+00  0.00000000E+00      297.76604      298.15000
        0.0538270      0.1000E+01      0.9424E+00  0.00000000E+00      297.77195      298.15000
        0.0554626      0.1000E+01      0.9424E+00  0.00000000E+00      297.77716      298.15000
        0.0571479      0.1000E+01      0.9424E+00  0.00000000E+00      297.78176      298.15000
        0.0588844      0.1000E+01      0.9424E+00  0.00000000E+00      297.78584      298.15000
        0.0606736      0.1000E+01      0.9424E+00  0.00000000E+00      297.78954      298.15000
        0.0625173      0.1000E+01      0.9424E+00  0.00000000E+00      297.79298      298.15000
        0.0644169      0.1000E+01      0.9424E+00  0.00000000E+00      297.79624      298.15000
        0.0663743      0.1000E+01      0.9424E+00  0.00000000E+00      297.79943      298.15000
        0.0683912      0.1000E+01      0.9424E+00  0.00000000E+00      297.80260      298.15000
        0.0704693      0.1000E+01      0.9424E+00  0.00000000E+00      297.80580      298.15000
        0.0726106      0.1000E+01      0.9424E+00  0.00000000E+00      297.80908      298.15000
        0.0748170      0.1000E+01      0.9424E+00  0.00000000E+00      297.81247      298.15000
        0.0770903      0.1000E+01      0.9424E+00  0.00000000E+00      297.81600      298.15000
        0.0794328      0.1000E+01      0.9424E+00  0.00000000E+00      297.81969      298.15000
        0.0818465      0.1000E+01      0.9424E+00  0.00000000E+00      297.82357      298.15000
        0.0843335      0.1000E+01      0.9424E+00  0.00000000E+00      297.82765      298.15000
        0.0868960      0.1000E+01      0.9424E+00  0.00000000E+00      297.83196      298.15000
        0.0895365      0.1000E+01      0.9424E+00  0.00000000E+00      297.83652      298.15000
        0.0922571      0.1000E+01      0.9424E+00  0.00000000E+00      297.84134      298.15000
        0.0950605      0.1000E+01      0.9424E+00  0.00000000E+00      297.84644      298.15000
        0.0979490      0.1000E+01      0.9424E+00  0.00000000E+00      297.85184      298.15000
        0.1009253      0.1000E+01      0.9424E+00  0.00000000E+00      297.85756      298.15000
        0.1039920      0.1000E+01      0.9424E+00  0.00000000E+00      297.86362      298.15000
        0.1071519      0.1000E+01      0.9424E+00  0.00000000E+00      297.87002      298.15000
        0.1104079      0.1000E+01      0.9424E+00  0.00000000E+00      297.87678      298.15000
        0.1137627      0.1000E+01      0.9424E+00  0.00000000E+00      297.88392      298.15000
        0.1172195      0.1000E+01      0.9424E+00  0.00000000E+00      297.89142      298.15000
        0.1207814      0.1000E+01      0.9424E+00  0.00000000E+00      297.89803      298.15000
        0.1244515      0.1000E+01      0.9424E+00  0.00000000E+00      297.90153      298.15000
        0.1282331      0.1000E+01      0.9424E+00  0.00000000E+00      297.90548      298.15000
        0.1321296      0.1000E+01      0.9424E+00  0.00000000E+00      297.90992      298.15000
        0.1361445      0.1000E+01      0.9424E+00  0.00000000E+00      297.91490      298.15000
        0.1402814      0.1000E+01      0.9424E+00  0.00000000E+00      297.92045      298.15000
        0.1445440      0.1000E+01      0.9424E+00  0.00000000E+00      297.92662      298.15000
        0.1489361      0.1000E+01      0.9424E+00  0.00000000E+00      297.93346      298.15000
        0.1534617      0.1000E+01      0.9424E+00  0.00000000E+00      297.94097      298.15000
        0.1581248      0.1000E+01      0.9424E+00  0.00000000E+00      297.94920      298.15000
        0.1629296      0.1000E+01      0.9424E+00  0.00000000E+00      297.95813      298.15000
        0.1678804      0.1000E+01      0.9424E+00  0.00000000E+00      297.96777      298.15000
        0.1729816      0.1000E+01      0.9424E+00  0.00000000E+00      297.97806      298.15000
        0.1782379      0.1000E+01      0.9424E+00  0.00000000E+00      297.98894      298.15000
        0.1836538      0.1000E+01      0.9424E+00  0.00000000E+00      298.00032      298.15000
        0.1892344      0.1000E+01      0.9424E+00  0.00000000E+00      298.01207      298.15000
        0.1949845      0.1000E+01      0.9424E+00  0.00000000E+00      298.02319      298.15000
        0.2009093      0.1000E+01      0.9424E+00  0.00000000E+00      298.03421      298.15000
        0.2070141      0.1000E+01      0.9424E+00  0.00000000E+00      298.04539      298.15000
        0.2133045      0.1000E+01      0.9424E+00  0.00000000E+00      298.05664      298.15000
        0.2197860      0.1000E+01      0.9424E+00  0.00000000E+00      298.06735      298.15000
        0.2264644      0.1000E+01      0.9424E+00  0.00000000E+00      298.07809      298.15000
        0.2333458      0.1000E+01      0.9424E+00  0.00000000E+00      298.08804      298.15000
        0.2404363      0.1000E+01      0.9424E+00  0.00000000E+00      298.09718      298.15000
        0.2477422      0.1000E+01      0.9424E+00  0.00000000E+00      298.10548      298.15000
        0.2552701      0.1000E+01      0.9424E+00  0.21214282E-14      298.01368      298.15000
        0.2630268      0.1000E+01      0.9424E+00  0.21214282E-14      298.03456      298.15000
        0.2710192      0.1000E+01      0.9424E+00  0.21214349E-14      298.05508      298.15000
        0.2792544      0.1000E+01      0.9424E+00  0.21215196E-14      298.07414      298.15000
        0.2877398      0.1000E+01      0.9424E+00  0.21216774E-14      298.09132      298.15000
        0.2964831      0.1000E+01      0.9424E+00  0.21218881E-14      298.10568      298.15000
        0.3054921      0.1000E+01      0.9424E+00  0.21221369E-14      298.11700      298.15000
        0.3147748      0.1000E+01      0.9424E+00  0.21224142E-14      298.12643      298.15000
        0.3243396      0.1000E+01      0.9424E+00  0.21227134E-14      298.13272      298.15000
        0.3341950      0.1000E+01      0.9424E+00  0.21230299E-14      298.13796      298.15000
        0.3443499      0.1000E+01      0.9424E+00  0.21233650E-14      298.14162      298.15000
        0.3548134      0.1000E+01      0.9424E+00  0.21237150E-14      298.14425      298.15000
        0.3655948      0.1000E+01      0.9424E+00  0.21240780E-14      298.14570      298.15000
        0.3767038      0.1000E+01      0.9424E+00  0.21244583E-14      298.14690      298.15000
        0.3881504      0.1000E+01      0.9424E+00  0.21248540E-14      298.14767      298.15000
        0.3999447      0.1000E+01      0.9424E+00  0.21252650E-14      298.14825      298.15000
        0.4120975      0.1000E+01      0.9424E+00  0.21256905E-14      298.14852      298.15000
        0.4246196      0.1000E+01      0.9424E+00  0.21261369E-14      298.14819      298.15000
        0.4375221      0.1000E+01      0.9424E+00  0.21265982E-14      298.14866      298.15000
        0.4508167      0.1000E+01      0.9424E+00  0.21270754E-14      298.14904      298.15000
        0.4645153      0.1000E+01      0.9424E+00  0.21275735E-14      298.14916      298.15000
        0.4786301      0.1000E+01      0.9424E+00  0.21280918E-14      298.14856      298.15000
        0.4931738      0.1000E+01      0.9424E+00  0.21286260E-14      298.14923      298.15000
        0.5081594      0.1000E+01      0.9424E+00  0.21291861E-14      298.14871      298.15000
        0.5236004      0.1000E+01      0.9424E+00  0.21297637E-14      298.14931      298.15000
        0.5395106      0.1000E+01      0.9424E+00  0.21303649E-14      298.14940      298.15000
        0.5559043      0.1000E+01      0.9424E+00  0.21309854E-14      298.14942      298.15000
        0.5727960      0.1000E+01      0.9424E+00  0.21316377E-14      298.14948      298.15000
        0.5902011      0.1000E+01      0.9424E+00  0.21323105E-14      298.14961      298.15000
        0.6081350      0.1000E+01      0.9424E+00  0.21330076E-14      298.14958      298.15000
        0.6266139      0.1000E+01      0.9424E+00  0.21337332E-14      298.14993      298.15000
        0.6456542      0.1000E+01      0.9424E+00  0.21344839E-14      298.14957      298.15000
        0.6652732      0.1000E+01      0.9424E+00  0.21352638E-14      298.14962      298.15000
        0.6854882      0.1000E+01      0.9424E+00  0.21360769E-14      298.14955      298.15000
        0.7063176      0.1000E+01      0.9424E+00  0.21369173E-14      298.14963      298.15000
        0.7277798      0.1000E+01      0.9424E+00  0.21377905E-14      298.14956      298.15000
        0.7498942      0.1000E+01      0.9424E+00  0.21386962E-14      298.14962      298.15000
        0.7726806      0.1000E+01      0.9424E+00  0.21396343E-14      298.14966      298.15000
        0.7961594      0.1000E+01      0.9424E+00  0.21406109E-14      298.14967      298.15000
        0.8203515      0.1000E+01      0.9424E+00  0.21416231E-14      298.14992      298.15000
        0.8452788      0.1000E+01      0.9424E+00  0.21426735E-14      298.14962      298.15000
        0.8709636      0.1000E+01      0.9424E+00  0.21437628E-14      298.15010      298.15000
        0.8974288      0.1000E+01      0.9424E+00  0.21448878E-14      298.14975      298.15000
        0.9246982      0.1000E+01      0.9424E+00  0.21460645E-14      298.14985      298.15000
        0.9527962      0.1000E+01      0.9424E+00  0.21472770E-14      298.14976      298.15000
        0.9817479      0.1000E+01      0.9424E+00  0.21485366E-14      298.14978      298.15000
        1.0115795      0.1000E+01      0.9424E+00  0.21498507E-14      298.14981      298.15000
        1.0423174      0.1000E+01      0.9424E+00  0.21512078E-14      298.14981      298.15000
        1.0739894      0.1000E+01      0.9424E+00  0.21526211E-14      298.14972      298.15000
        1.1066238      0.1000E+01      0.9424E+00  0.21540831E-14      298.14953      298.15000
        1.1402498      0.1000E+01      0.9424E+00  0.21555904E-14      298.14981      298.15000
        1.1748976      0.1000E+01      0.9424E+00  0.21571725E-14      298.14918      298.15000
        1.2105981      0.1000E+01      0.9424E+00  0.21588039E-14      298.14962      298.15000
        1.2473835      0.1000E+01      0.9424E+00  0.21604965E-14      298.14975      298.15000
        1.2852867      0.1000E+01      0.9424E+00  0.21622519E-14      298.15004      298.15000
        1.3243415      0.1000E+01      0.9424E+00  0.21640726E-14      298.14960      298.15000
        1.3645831      0.1000E+01      0.9424E+00  0.21659601E-14      298.14991      298.15000
        1.4060475      0.1000E+01      0.9424E+00  0.21679200E-14      298.15006      298.15000
        1.4487719      0.1000E+01      0.9424E+00  0.21699518E-14      298.15017      298.15000
        1.4927944      0.1000E+01      0.9424E+00  0.21720570E-14      298.14980      298.15000
        1.5381546      0.1000E+01      0.9424E+00  0.21742449E-14      298.14943      298.15000
        1.5848932      0.1000E+01      0.9424E+00  0.21765064E-14      298.14987      298.15000
        1.6330519      0.1000E+01      0.9424E+00  0.21788629E-14      298.14984      298.15000
        1.6826741      0.1000E+01      0.9424E+00  0.21813010E-14      298.14992      298.15000
        1.7338040      0.1000E+01      0.9424E+00  0.21838305E-14      298.15005      298.15000
        1.7864876      0.1000E+01      0.9424E+00  0.21864540E-14      298.14962      298.15000
        1.8407720      0.1000E+01      0.9424E+00  0.21891695E-14      298.14987      298.15000
        1.8967059      0.1000E+01      0.9424E+00  0.21919964E-14      298.14995      298.15000
        1.9543395      0.1000E+01      0.9424E+00  0.21949140E-14      298.14989      298.15000
        2.0137242      0.1000E+01      0.9424E+00  0.21979585E-14      298.14959      298.15000
        2.0749135      0.1000E+01      0.9424E+00  0.22011046E-14      298.14983      298.15000
        2.1379621      0.1000E+01      0.9424E+00  0.22043713E-14      298.14994      298.15000
        2.2029265      0.1000E+01      0.9424E+00  0.22077475E-14      298.14989      298.15000
        2.2698649      0.1000E+01      0.9424E+00  0.22112616E-14      298.14990      298.15000
        2.3388372      0.1000E+01      0.9424E+00  0.22149113E-14      298.14986      298.15000
        2.4099054      0.1000E+01      0.9424E+00  0.22186928E-14      298.14995      298.15000
        2.4831331      0.1000E+01      0.9424E+00  0.22226094E-14      298.14990      298.15000
        2.5585859      0.1000E+01      0.9424E+00  0.22266728E-14      298.14989      298.15000
        2.6363314      0.1000E+01      0.9424E+00  0.22308971E-14      298.14997      298.15000
        2.7164393      0.1000E+01      0.9424E+00  0.22352671E-14      298.14987      298.15000
        2.7989813      0.1000E+01      0.9424E+00  0.22398122E-14      298.14967      298.15000
        2.8840315      0.1000E+01      0.9424E+00  0.22445145E-14      298.14988      298.15000
        2.9716660      0.1000E+01      0.9424E+00  0.22494046E-14      298.14971      298.15000
        3.0619634      0.1000E+01      0.9424E+00  0.22544706E-14      298.14996      298.15000
        3.1550046      0.1000E+01      0.9424E+00  0.22597256E-14      298.14988      298.15000
        3.2508730      0.1000E+01      0.9424E+00  0.22651836E-14      298.14957      298.15000
        3.3496544      0.1000E+01      0.9424E+00  0.22708418E-14      298.14992      298.15000
        3.4514374      0.1000E+01      0.9424E+00  0.22767126E-14      298.14989      298.15000
        3.5563132      0.1000E+01      0.9424E+00  0.22828073E-14      298.14997      298.15000
        3.6643757      0.1000E+01      0.9424E+00  0.22891323E-14      298.14993      298.15000
        3.7757219      0.1000E+01      0.9424E+00  0.22956918E-14      298.14994      298.15000
        3.8904514      0.1000E+01      0.9424E+00  0.23025071E-14      298.15001      298.15000
        4.0086672      0.1000E+01      0.9424E+00  0.23095370E-14      298.14990      298.15000
        4.1304750      0.1000E+01      0.9424E+00  0.23168995E-14      298.14989      298.15000
        4.2559841      0.1000E+01      0.9424E+00  0.23245322E-14      298.15005      298.15000
        4.3853070      0.1000E+01      0.9424E+00  0.23324404E-14      298.14998      298.15000
        4.5185594      0.1000E+01      0.9424E+00  0.23406502E-14      298.14993      298.15000
        4.6558609      0.1000E+01      0.9424E+00  0.23491777E-14      298.14994      298.15000
        4.7973345      0.1000E+01      0.9424E+00  0.23580308E-14      298.14994      298.15000
        4.9431069      0.1000E+01      0.9424E+00  0.23672248E-14      298.14994      298.15000
        5.0933087      0.1000E+01      0.9424E+00  0.23767788E-14      298.14968      298.15000
        5.2480746      0.1000E+01      0.9424E+00  0.23866992E-14      298.14993      298.15000
        5.4075432      0.1000E+01      0.9424E+00  0.23970092E-14      298.14985      298.15000
        5.5718575      0.1000E+01      0.9424E+00  0.24077154E-14      298.14992      298.15000
        5.7411646      0.1000E+01      0.9424E+00  0.24188325E-14      298.14988      298.15000
        5.9156163      0.1000E+01      0.9424E+00  0.24303831E-14      298.14990      298.15000
        6.0953690      0.1000E+01      0.9424E+00  0.24424426E-14      298.14984      298.15000
        6.2805836      0.1000E+01      0.9424E+00  0.24549284E-14      298.14989      298.15000
        6.4714262      0.1000E+01      0.9424E+00  0.24679482E-14      298.14986      298.15000
        6.6680677      0.1000E+01      0.9424E+00  0.24814568E-14      298.14991      298.15000
        6.8706844      0.1000E+01      0.9424E+00  0.24955347E-14      298.14993      298.15000
        7.0794578      0.1000E+01      0.9424E+00  0.25101695E-14      298.14993      298.15000
        7.2945751      0.1000E+01      0.9424E+00  0.25254023E-14      298.14961      298.15000
        7.5162289      0.1000E+01      0.9424E+00  0.25412488E-14      298.14991      298.15000
        7.7446180      0.1000E+01      0.9424E+00  0.25577618E-14      298.14964      298.15000
        7.9799469      0.1000E+01      0.9424E+00  0.25749477E-14      298.14982      298.15000
        8.2224265      0.1000E+01      0.9424E+00  0.25928539E-14      298.14989      298.15000
        8.4722741      0.1000E+01      0.9424E+00  0.26114828E-14      298.14988      298.15000
        8.7297137      0.1000E+01      0.9424E+00  0.26309580E-14      298.14990      298.15000
        8.9949758      0.1000E+01      0.9424E+00  0.26512393E-14      298.14980      298.15000
        9.2682982      0.1000E+01      0.9424E+00  0.26723852E-14      298.14991      298.15000
        9.5499259      0.1000E+01      0.9424E+00  0.26944482E-14      298.14992      298.15000
        9.8401111      0.1000E+01      0.9424E+00  0.27174735E-14      298.14985      298.15000
       10.1391139      0.1000E+01      0.9424E+00  0.27415282E-14      298.14981      298.15000
       10.4472022      0.1000E+01      0.9424E+00  0.27666268E-14      298.14986      298.15000
       10.7646521      0.1000E+01      0.9424E+00  0.27928986E-14      298.14994      298.15000
       11.0917482      0.1000E+01      0.9423E+00  0.28203501E-14      298.15006      298.15000
       11.4287833      0.1000E+01      0.9423E+00  0.28490476E-14      298.14988      298.15000
       11.7760597      0.1000E+01      0.9423E+00  0.28791218E-14      298.14963      298.15000
       12.1338885      0.1000E+01      0.9423E+00  0.29105723E-14      298.14986      298.15000
       12.5025903      0.1000E+01      0.9423E+00  0.29435465E-14      298.14986      298.15000
       12.8824955      0.1000E+01      0.9423E+00  0.29781508E-14      298.14986      298.15000
       13.2739446      0.1000E+01      0.9423E+00  0.30145007E-14      298.15000      298.15000
       13.6772883      0.1000E+01      0.9423E+00  0.30526391E-14      298.14960      298.15000
       14.0928880      0.1000E+01      0.9423E+00  0.30927248E-14      298.14982      298.15000
       14.5211162      0.1000E+01      0.9423E+00  0.31348330E-14      298.14984      298.15000
       14.9623566      0.1000E+01      0.9423E+00  0.31792951E-14      298.14984      298.15000
       15.4170045      0.1000E+01      0.9423E+00  0.32261989E-14      298.14988      298.15000
       15.8854675      0.1000E+01      0.9423E+00  0.32756604E-14      298.14988      298.15000
       16.3681652      0.1000E+01      0.9423E+00  0.33279721E-14      298.14977      298.15000
       16.8655303      0.1000E+01      0.9423E+00  0.33833461E-14      298.14959      298.15000
       17.3780083      0.1000E+01      0.9423E+00  0.34420638E-14      298.14964      298.15000
       17.9060585      0.1000E+01      0.9423E+00  0.35043331E-14      298.14981      298.15000
       18.4501542      0.1000E+01      0.9423E+00  0.35708268E-14      298.14979      298.15000
       19.0107828      0.1000E+01      0.9423E+00  0.36417007E-14      298.14979      298.15000
       19.5884467      0.1000E+01      0.9423E+00  0.37175809E-14      298.14981      298.15000
       20.1836636      0.1000E+01      0.9423E+00  0.37990337E-14      298.14942      298.15000
       20.7969669      0.1000E+01      0.9423E+00  0.38866452E-14      298.14978      298.15000
       21.4289060      0.1000E+01      0.9423E+00  0.39815175E-14      298.14976      298.15000
       22.0800473      0.1000E+01      0.9423E+00  0.40845013E-14      298.14983      298.15000
       22.7509743      0.1000E+01      0.9423E+00  0.41969354E-14      298.14969      298.15000
       23.4422882      0.1000E+01      0.9423E+00  0.43203937E-14      298.14958      298.15000
       24.1546083      0.1000E+01      0.9423E+00  0.44565143E-14      298.14975      298.15000
       24.8885732      0.1000E+01      0.9422E+00  0.46065475E-14      298.14952      298.15000
       25.6448404      0.1000E+01      0.9422E+00  0.47680143E-14      298.14942      298.15000
       26.4240876      0.1000E+01      0.9422E+00  0.49222751E-14      298.14959      298.15000
       27.2270131      0.1000E+01      0.9422E+00  0.50042611E-14      298.14979      298.15000
       28.0543364      0.1000E+01      0.9422E+00  0.50364914E-14      298.14992      298.15000
       28.9067988      0.1000E+01      0.9422E+00  0.50659056E-14      298.14953      298.15000
       29.7851643      0.1000E+01      0.9422E+00  0.50933202E-14      298.15026      298.15000
       30.6902199      0.1000E+01      0.9422E+00  0.51193180E-14      298.15010      298.15000
       31.6227766      0.1000E+01      0.9422E+00  0.51442122E-14      298.14968      298.15000
       32.5836701      0.1000E+01      0.9422E+00  0.51683312E-14      298.14999      298.15000
       33.5737614      0.1000E+01      0.9422E+00  0.51918582E-14      298.14911      298.15000
       34.5939378      0.1000E+01      0.9422E+00  0.52149043E-14      298.15052      298.15000
       35.6451133      0.1000E+01      0.9422E+00  0.52375275E-14      298.15013      298.15000
       36.7282300      0.1000E+01      0.9422E+00  0.52597605E-14      298.14924      298.15000
       37.8442585      0.1000E+01      0.9422E+00  0.52815468E-14      298.15012      298.15000
       38.9941987      0.1000E+01      0.9421E+00  0.53028953E-14      298.15009      298.15000
       40.1790811      0.1000E+01      0.9421E+00  0.53237842E-14      298.15011      298.15000
       41.3999675      0.9999E+00      0.9421E+00  0.53441064E-14      298.15016      298.15000
       42.6579519      0.9999E+00      0.9421E+00  0.53638398E-14      298.15011      298.15000
       43.9541615      0.9999E+00      0.9421E+00  0.53829161E-14      298.15002      298.15000
       45.2897580      0.9999E+00      0.9421E+00  0.54012788E-14      298.15021      298.15000
       46.6659380      0.9999E+00      0.9421E+00  0.54188703E-14      298.15002      298.15000
       48.0839348      0.9999E+00      0.9421E+00  0.54356159E-14      298.15005      298.15000
       49.5450191      0.9999E+00      0.9421E+00  0.54515005E-14      298.14912      298.15000
       51.0505000      0.9999E+00      0.9421E+00  0.54664697E-14      298.15022      298.15000
       52.6017266      0.9999E+00      0.9421E+00  0.54804901E-14      298.15016      298.15000
       54.2000890      0.9999E+00      0.9420E+00  0.54935559E-14      298.15006      298.15000
       55.8470195      0.9999E+00      0.9420E+00  0.55056690E-14      298.14949      298.15000
       57.5439937      0.9999E+00      0.9420E+00  0.55167866E-14      298.15000      298.15000
       59.2925325      0.9999E+00      0.9420E+00  0.55269679E-14      298.15003      298.15000
       61.0942025      0.9999E+00      0.9420E+00  0.55362042E-14      298.14930      298.15000
       62.9506183      0.9999E+00      0.9420E+00  0.55445437E-14      298.15017      298.15000
       64.8634434      0.9999E+00      0.9420E+00  0.55520171E-14      298.15014      298.15000
       66.8343918      0.9999E+00      0.9420E+00  0.55586680E-14      298.15021      298.15000
       68.8652296      0.9999E+00      0.9419E+00  0.55645507E-14      298.15020      298.15000
       70.9577768      0.9999E+00      0.9419E+00  0.55697176E-14      298.15034      298.15000
       73.1139083      0.9999E+00      0.9419E+00  0.55742227E-14      298.15008      298.15000
       75.3355564      0.9999E+00      0.9419E+00  0.55781245E-14      298.15015      298.15000
       77.6247117      0.9999E+00      0.9419E+00  0.55814842E-14      298.15013      298.15000
       79.9834255      0.9999E+00      0.9419E+00  0.55843538E-14      298.14908      298.15000
       82.4138115      0.9999E+00      0.9418E+00  0.55867897E-14      298.15019      298.15000
       84.9180475      0.9999E+00      0.9418E+00  0.55888426E-14      298.15010      298.15000
       87.4983775      0.9999E+00      0.9418E+00  0.55905618E-14      298.15010      298.15000
       90.1571138      0.9999E+00      0.9418E+00  0.55919900E-14      298.15016      298.15000
       92.8966387      0.9999E+00      0.9418E+00  0.55931692E-14      298.14909      298.15000
       95.7194071      0.9999E+00      0.9417E+00  0.55941353E-14      298.15013      298.15000
       98.6279486      0.9999E+00      0.9417E+00  0.55949214E-14      298.14908      298.15000
      101.6248693      0.9999E+00      0.9417E+00  0.55955559E-14      298.15015      298.15000
      104.7128548      0.9999E+00      0.9417E+00  0.55960647E-14      298.15013      298.15000
      107.8946722      0.9999E+00      0.9417E+00  0.55964694E-14      298.15013      298.15000
      111.1731727      0.9999E+00      0.9416E+00  0.55967872E-14      298.14982      298.15000
      114.5512941      0.9999E+00      0.9416E+00  0.55970369E-14      298.14986      298.15000
      118.0320636      0.9999E+00      0.9416E+00  0.55972310E-14      298.14986      298.15000
      121.6186001      0.9999E+00      0.9416E+00  0.55973807E-14      298.14986      298.15000
      125.3141175      0.9998E+00      0.9415E+00  0.55974953E-14      298.14986      298.15000
      129.1219274      0.9998E+00      0.9415E+00  0.55975824E-14      298.14986      298.15000
      133.0454418      0.9998E+00      0.9415E+00  0.55976481E-14      298.14986      298.15000
      137.0881766      0.9998E+00      0.9415E+00  0.55976973E-14      298.14985      298.15000
      141.2537545      0.9998E+00      0.9414E+00  0.55977340E-14      298.14986      298.15000
      145.5459081      0.9998E+00      0.9414E+00  0.55977613E-14      298.14985      298.15000
      149.9684836      0.9998E+00      0.9414E+00  0.55977814E-14      298.14987      298.15000
      154.5254440      0.9998E+00      0.9413E+00  0.55977964E-14      298.14987      298.15000
      159.2208727      0.9998E+00      0.9413E+00  0.55978076E-14      298.14985      298.15000
      164.0589773      0.9998E+00      0.9413E+00  0.55984510E-14      298.16541      298.15000
      169.0440932      0.9998E+00      0.9412E+00  0.55987335E-14      298.16473      298.15000
      174.1806873      0.9998E+00      0.9412E+00  0.55989133E-14      298.16413      298.15000
      179.4733627      0.9998E+00      0.9412E+00  0.55990229E-14      298.16411      298.15000
      184.9268619      0.9998E+00      0.9411E+00  0.55990860E-14      298.16427      298.15000
      190.5460718      0.9998E+00      0.9411E+00  0.55991342E-14      298.16388      298.15000
      196.3360277      0.9998E+00      0.9410E+00  0.55991550E-14      298.16371      298.15000
      202.3019179      0.9998E+00      0.9410E+00  0.55991699E-14      298.16453      298.15000
      208.4490883      0.9997E+00      0.9409E+00  0.55992052E-14      298.16420      298.15000
      214.7830474      0.9997E+00      0.9409E+00  0.55992190E-14      298.16409      298.15000
      221.3094710      0.9997E+00      0.9409E+00  0.55992244E-14      298.16390      298.15000
      228.0342072      0.9997E+00      0.9408E+00  0.55992265E-14      298.16398      298.15000
      234.9632821      0.9997E+00      0.9408E+00  0.55992273E-14      298.16395      298.15000
      242.1029047      0.9997E+00      0.9407E+00  0.55992276E-14      298.16395      298.15000
      249.4594727      0.9997E+00      0.9407E+00  0.55992277E-14      298.16395      298.15000
      257.0395783      0.9997E+00      0.9406E+00  0.55992277E-14      298.16388      298.15000
      264.8500139      0.9997E+00      0.9405E+00  0.55992277E-14      298.16391      298.15000
      272.8977783      0.9997E+00      0.9405E+00  0.55992277E-14      298.16388      298.15000
      281.1900830      0.9997E+00      0.9404E+00  0.55992277E-14      298.16388      298.15000
      289.7343588      0.9996E+00      0.9404E+00  0.55992277E-14      298.16387      298.15000
      298.5382619      0.9996E+00      0.9403E+00  0.55992277E-14      298.16390      298.15000
      307.6096815      0.9996E+00      0.9402E+00  0.55992278E-14      298.16387      298.15000
      316.9567463      0.9996E+00      0.9402E+00  0.55992277E-14      298.16381      298.15000
      326.5878322      0.9996E+00      0.9401E+00  0.55992277E-14      298.16383      298.15000
      336.5115694      0.9996E+00      0.9400E+00  0.55992278E-14      298.16392      298.15000
      346.7368505      0.9996E+00      0.9400E+00  0.55992278E-14      298.16379      298.15000
      357.2728382      0.9996E+00      0.9399E+00  0.55992278E-14      298.16391      298.15000
      368.1289736      0.9995E+00      0.9398E+00  0.55992278E-14      298.16377      298.15000
      379.3149850      0.9995E+00      0.9397E+00  0.55992278E-14      298.16378      298.15000
      390.8408958      0.9995E+00      0.9397E+00  0.55992278E-14      298.16381      298.15000
      402.7170343      0.9995E+00      0.9396E+00  0.55992278E-14      298.16371      298.15000
      414.9540426      0.9995E+00      0.9395E+00  0.55992607E-14      298.16426      298.15000
      427.5628862      0.9995E+00      0.9394E+00  0.55992744E-14      298.16416      298.15000
      440.5548635      0.9995E+00      0.9393E+00  0.55992765E-14      298.16410      298.15000
      453.9416167      0.9994E+00      0.9392E+00  0.55992768E-14      298.16414      298.15000
      467.7351413      0.9994E+00      0.9391E+00  0.55992768E-14      298.16411      298.15000
      481.9477976      0.9994E+00      0.9390E+00  0.55992768E-14      298.16413      298.15000
      496.5923215      0.9994E+00      0.9389E+00  0.55992769E-14      298.16405      298.15000
      511.6818355      0.9994E+00      0.9388E+00  0.55992769E-14      298.16414      298.15000
      527.2298614      0.9994E+00      0.9387E+00  0.55992769E-14      298.16409      298.15000
      543.2503315      0.9993E+00      0.9386E+00  0.55992768E-14      298.16402      298.15000
      559.7576015      0.9993E+00      0.9385E+00  0.55992769E-14      298.16407      298.15000
      576.7664634      0.9993E+00      0.9383E+00  0.55992769E-14      298.16398      298.15000
      594.2921586      0.9993E+00      0.9382E+00  0.55992769E-14      298.16405      298.15000
      612.3503917      0.9992E+00      0.9381E+00  0.55992769E-14      298.16405      298.15000
      630.9573445      0.9992E+00      0.9380E+00  0.55992769E-14      298.16405      298.15000
      650.1296903      0.9992E+00      0.9378E+00  0.55992769E-14      298.16404      298.15000
      669.8846094      0.9992E+00      0.9377E+00  0.55992769E-14      298.16404      298.15000
      690.2398038      0.9992E+00      0.9375E+00  0.55992769E-14      298.16403      298.15000
      711.2135137      0.9991E+00      0.9374E+00  0.55992769E-14      298.16398      298.15000
      732.8245331      0.9991E+00      0.9372E+00  0.55992769E-14      298.16402      298.15000
      755.0922277      0.9991E+00      0.9371E+00  0.55992769E-14      298.16414      298.15000
      778.0365510      0.9990E+00      0.9369E+00  0.55992769E-14      298.16402      298.15000
      801.6780634      0.9990E+00      0.9367E+00  0.55992769E-14      298.16395      298.15000
      826.0379496      0.9990E+00      0.9366E+00  0.55992769E-14      298.16400      298.15000
      851.1380382      0.9990E+00      0.9364E+00  0.55992769E-14      298.16412      298.15000
      877.0008211      0.9989E+00      0.9362E+00  0.55992769E-14      298.16399      298.15000
      903.6494737      0.9989E+00      0.9360E+00  0.55992769E-14      298.16399      298.15000
      931.1078755      0.9989E+00      0.9358E+00  0.55992769E-14      298.16399      298.15000
      959.4006315      0.9988E+00      0.9356E+00  0.55992769E-14      298.16399      298.15000
      988.5530947      0.9988E+00      0.9354E+00  0.55992769E-14      298.16408      298.15000
     1018.5913881      0.9988E+00      0.9352E+00  0.55992769E-14      298.16407      298.15000
     1049.5424287      0.9987E+00      0.9350E+00  0.55992769E-14      298.16397      298.15000
     1081.4339513      0.9987E+00      0.9348E+00  0.55992769E-14      298.16397      298.15000
     1114.2945336      0.9986E+00      0.9345E+00  0.55992769E-14      298.16396      298.15000
     1148.1536215      0.9986E+00      0.9343E+00  0.55992769E-14      298.16395      298.15000
     1183.0415557      0.9986E+00      0.9341E+00  0.55992769E-14      298.16404      298.15000
     1218.9895989      0.9985E+00      0.9338E+00  0.55992769E-14      298.16404      298.15000
     1256.0299637      0.9985E+00      0.9335E+00  0.55992769E-14      298.16394      298.15000
     1294.1958414      0.9984E+00      0.9333E+00  0.55992769E-14      298.16393      298.15000
     1333.5214322      0.9984E+00      0.9330E+00  0.55992769E-14      298.16400      298.15000
     1374.0419750      0.9983E+00      0.9327E+00  0.55992769E-14      298.16396      298.15000
     1415.7937800      0.9983E+00      0.9324E+00  0.55992769E-14      298.16390      298.15000
     1458.8142603      0.9982E+00      0.9321E+00  0.55992768E-14      298.16402      298.15000
     1503.1419661      0.9982E+00      0.9318E+00  0.55992769E-14      298.16393      298.15000
     1548.8166189      0.9981E+00      0.9315E+00  0.55992769E-14      298.16394      298.15000
     1595.8791472      0.9980E+00      0.9312E+00  0.55992769E-14      298.16394      298.15000
     1644.3717232      0.9980E+00      0.9308E+00  0.55992769E-14      298.16398      298.15000
     1694.3378004      0.9979E+00      0.9305E+00  0.55992769E-14      298.16391      298.15000
     1745.8221529      0.9979E+00      0.9301E+00  0.55992768E-14      298.16401      298.15000
     1798.8709151      0.9978E+00      0.9297E+00  0.55992768E-14      298.16392      298.15000
     1853.5316234      0.9977E+00      0.9293E+00  0.55992769E-14      298.16401      298.15000
     1909.8532586      0.9977E+00      0.9289E+00  0.55992768E-14      298.16404      298.15000
     1967.8862897      0.9976E+00      0.9285E+00  0.55992768E-14      298.16397      298.15000
     2027.6827195      0.9975E+00      0.9281E+00  0.55992769E-14      298.16389      298.15000
     2089.2961309      0.9974E+00      0.9277E+00  0.55992769E-14      298.16392      298.15000
     2152.7817347      0.9974E+00      0.9272E+00  0.55992769E-14      298.16392      298.15000
     2218.1964198      0.9973E+00      0.9268E+00  0.55992768E-14      298.16384      298.15000
     2285.5988034      0.9972E+00      0.9263E+00  0.55992768E-14      298.16389      298.15000
     2355.0492839      0.9971E+00      0.9258E+00  0.55992768E-14      298.16391      298.15000
     2426.6100951      0.9970E+00      0.9253E+00  0.55992768E-14      298.16389      298.15000
     2500.3453617      0.9969E+00      0.9248E+00  0.55992768E-14      298.16386      298.15000
     2576.3211570      0.9968E+00      0.9243E+00  0.55992768E-14      298.16391      298.15000
     2654.6055620      0.9968E+00      0.9237E+00  0.55992768E-14      298.16392      298.15000
     2735.2687263      0.9967E+00      0.9232E+00  0.55992768E-14      298.16390      298.15000
     2818.3829313      0.9966E+00      0.9226E+00  0.55992768E-14      298.16388      298.15000
     2904.0226545      0.9965E+00      0.9220E+00  0.55992768E-14      298.16402      298.15000
     2992.2646366      0.9963E+00      0.9214E+00  0.55992768E-14      298.16387      298.15000
     3083.1879502      0.9962E+00      0.9208E+00  0.55992768E-14      298.16387      298.15000
     3176.8740706      0.9961E+00      0.9201E+00  0.55992768E-14      298.16383      298.15000
     3273.4069488      0.9960E+00      0.9194E+00  0.55992768E-14      298.16389      298.15000
     3372.8730866      0.9959E+00      0.9188E+00  0.55992768E-14      298.16395      298.15000
     3475.3616144      0.9958E+00      0.9180E+00  0.55992768E-14      298.16396      298.15000
     3580.9643710      0.9956E+00      0.9173E+00  0.55992768E-14      298.16388      298.15000
     3689.7759857      0.9955E+00      0.9166E+00  0.55992768E-14      298.16385      298.15000
     3801.8939632      0.9954E+00      0.9158E+00  0.55992768E-14      298.16387      298.15000
     3917.4187711      0.9952E+00      0.9150E+00  0.55992767E-14      298.16388      298.15000
     4036.4539297      0.9951E+00      0.9142E+00  0.55992767E-14      298.16399      298.15000
     4159.1061049      0.9949E+00      0.9133E+00  0.55992767E-14      298.16384      298.15000
     4285.4852040      0.9948E+00      0.9125E+00  0.55992767E-14      298.16387      298.15000
     4415.7044735      0.9946E+00      0.9116E+00  0.55992767E-14      298.16386      298.15000
     4549.8806015      0.9944E+00      0.9106E+00  0.55992767E-14      298.16379      298.15000
     4688.1338215      0.9943E+00      0.9097E+00  0.55992767E-14      298.16389      298.15000
     4830.5880204      0.9941E+00      0.9087E+00  0.55992767E-14      298.16390      298.15000
     4977.3708498      0.9939E+00      0.9077E+00  0.55992767E-14      298.16383      298.15000
     5128.6138399      0.9937E+00      0.9067E+00  0.55992767E-14      298.16387      298.15000
     5284.4525178      0.9936E+00      0.9056E+00  0.55992767E-14      298.16388      298.15000
     5445.0265284      0.9934E+00      0.9045E+00  0.55992767E-14      298.16387      298.15000
     5610.4797603      0.9932E+00      0.9034E+00  0.55992767E-14      298.16384      298.15000
     5780.9604741      0.9929E+00      0.9022E+00  0.55992767E-14      298.16386      298.15000
     5956.6214353      0.9927E+00      0.9010E+00  0.55992767E-14      298.16388      298.15000
     6137.6200516      0.9925E+00      0.8998E+00  0.55992766E-14      298.16393      298.15000
     6324.1185138      0.9923E+00      0.8985E+00  0.55992766E-14      298.16394      298.15000
     6516.2839406      0.9921E+00      0.8972E+00  0.55992766E-14      298.16384      298.15000
     6714.2885293      0.9918E+00      0.8959E+00  0.55992766E-14      298.16386      298.15000
     6918.3097092      0.9916E+00      0.8945E+00  0.55992766E-14      298.16396      298.15000
     7128.5303013      0.9913E+00      0.8931E+00  0.55992766E-14      298.16392      298.15000
     7345.1386816      0.9910E+00      0.8916E+00  0.55992766E-14      298.16385      298.15000
     7568.3289502      0.9908E+00      0.8901E+00  0.55992766E-14      298.16397      298.15000
     7798.3011052      0.9905E+00      0.8886E+00  0.55992766E-14      298.16386      298.15000
     8035.2612219      0.9902E+00      0.8870E+00  0.55992766E-14      298.16388      298.15000
     8279.4216371      0.9899E+00      0.8854E+00  0.55992765E-14      298.16386      298.15000
     8531.0011402      0.9896E+00      0.8837E+00  0.55992765E-14      298.16382      298.15000
     8790.2251683      0.9893E+00      0.8820E+00  0.55992765E-14      298.16386      298.15000
     9057.3260090      0.9890E+00      0.8802E+00  0.55992765E-14      298.16395      298.15000
     9332.5430080      0.9886E+00      0.8784E+00  0.55992765E-14      298.16391      298.15000
     9616.1227838      0.9883E+00      0.8765E+00  0.55992765E-14      298.16387      298.15000
     9908.3194489      0.9879E+00      0.8746E+00  0.55992765E-14      298.16385      298.15000
    10209.3948371      0.9876E+00      0.8726E+00  0.55992764E-14      298.16382      298.15000
    10519.6187382      0.9872E+00      0.8706E+00  0.55992764E-14      298.16380      298.15000
    10839.2691402      0.9868E+00      0.8685E+00  0.55992764E-14      298.16387      298.15000
    11168.6324778      0.9864E+00      0.8663E+00  0.55992764E-14      298.16385      298.15000
    11508.0038894      0.9860E+00      0.8641E+00  0.55992764E-14      298.16396      298.15000
    11857.6874817      0.9856E+00      0.8618E+00  0.55992764E-14      298.16388      298.15000
    12217.9966016      0.9852E+00      0.8595E+00  0.55992763E-14      298.16391      298.15000
    12589.2541179      0.9847E+00      0.8571E+00  0.55992763E-14      298.16380      298.15000
    12971.7927098      0.9842E+00      0.8546E+00  0.55992763E-14      298.16386      298.15000
    13365.9551655      0.9838E+00      0.8521E+00  0.55992763E-14      298.16388      298.15000
    13772.0946889      0.9833E+00      0.8495E+00  0.55992762E-14      298.16386      298.15000
    14190.5752169      0.9828E+00      0.8468E+00  0.55992762E-14      298.16387      298.15000
    14621.7717446      0.9823E+00      0.8440E+00  0.55992762E-14      298.16398      298.15000
    15066.0706619      0.9817E+00      0.8412E+00  0.55992762E-14      298.16387      298.15000
    15523.8700996      0.9811E+00      0.8383E+00  0.55995564E-14      298.16854      298.15000
    15995.5802861      0.9805E+00      0.8353E+00  0.55995564E-14      298.16854      298.15000
    16481.6239153      0.9799E+00      0.8323E+00  0.55995563E-14      298.16854      298.15000
    16982.4365246      0.9793E+00      0.8291E+00  0.55995563E-14      298.16854      298.15000
    17498.4668862      0.9786E+00      0.8259E+00  0.55995563E-14      298.16854      298.15000
    18030.1774086      0.9779E+00      0.8226E+00  0.55995563E-14      298.16854      298.15000
    18578.0445509      0.9772E+00      0.8192E+00  0.55995562E-14      298.16854      298.15000
    19142.5592502      0.9765E+00      0.8157E+00  0.55995562E-14      298.16854      298.15000
    19724.2273611      0.9758E+00      0.8122E+00  0.55995562E-14      298.16854      298.15000
    20323.5701094      0.9750E+00      0.8085E+00  0.55995561E-14      298.16854      298.15000
    20941.1245585      0.9742E+00      0.8048E+00  0.55995561E-14      298.16854      298.15000
    21577.4440915      0.9734E+00      0.8009E+00  0.55995561E-14      298.16854      298.15000
    22233.0989065      0.9726E+00      0.7970E+00  0.55995560E-14      298.16854      298.15000
    22908.6765277      0.9717E+00      0.7929E+00  0.55995560E-14      298.16854      298.15000
    23604.7823318      0.9708E+00      0.7888E+00  0.55995560E-14      298.16854      298.15000
    24322.0400907      0.9699E+00      0.7845E+00  0.55995559E-14      298.16854      298.15000
    25061.0925303      0.9690E+00      0.7801E+00  0.55995559E-14      298.16854      298.15000
    25822.6019063      0.9680E+00      0.7757E+00  0.55995559E-14      298.16854      298.15000
    26607.2505980      0.9670E+00      0.7711E+00  0.55995558E-14      298.16854      298.15000
    27415.7417193      0.9660E+00      0.7664E+00  0.55995558E-14      298.16854      298.15000
    28248.7997492      0.9650E+00      0.7616E+00  0.55995557E-14      298.16854      298.15000
    29107.1711807      0.9639E+00      0.7567E+00  0.55995557E-14      298.16854      298.15000
    29991.6251899      0.9628E+00      0.7517E+00  0.55995556E-14      298.16854      298.15000
    30902.9543251      0.9616E+00      0.7465E+00  0.55995556E-14      298.16854      298.15000
    31841.9752173      0.9605E+00      0.7412E+00  0.55995555E-14      298.16854      298.15000
    32809.5293113      0.9592E+00      0.7359E+00  0.55995555E-14      298.16854      298.15000
    33806.4836206      0.9580E+00      0.7303E+00  0.55995554E-14      298.16854      298.15000
    34833.7315036      0.9567E+00      0.7247E+00  0.55995554E-14      298.16854      298.15000
    35892.1934645      0.9554E+00      0.7190E+00  0.55995553E-14      298.16854      298.15000
    36982.8179780      0.9540E+00      0.7131E+00  0.55995553E-14      298.16854      298.15000
    38106.5823394      0.9526E+00      0.7070E+00  0.55995552E-14      298.16854      298.15000
    39264.4935400      0.9512E+00      0.7009E+00  0.55995552E-14      298.16854      298.15000
    40457.5891697      0.9497E+00      0.6946E+00  0.55995551E-14      298.16854      298.15000
    41686.9383470      0.9482E+00      0.6882E+00  0.55995550E-14      298.16854      298.15000
    42953.6426765      0.9466E+00      0.6817E+00  0.55995550E-14      298.16854      298.15000
    44258.8372363      0.9450E+00      0.6750E+00  0.55995549E-14      298.16854      298.15000
    45603.6915951      0.9433E+00      0.6682E+00  0.55995548E-14      298.16854      298.15000
    46989.4108605      0.9416E+00      0.6612E+00  0.55995548E-14      298.16854      298.15000
    48417.2367584      0.9399E+00      0.6542E+00  0.55995547E-14      298.16854      298.15000
    49888.4487460      0.9381E+00      0.6469E+00  0.55995546E-14      298.16854      298.15000
    51404.3651582      0.9362E+00      0.6396E+00  0.55995545E-14      298.16854      298.15000
    52966.3443892      0.9343E+00      0.6321E+00  0.55995544E-14      298.16854      298.15000
    54575.7861091      0.9324E+00      0.6245E+00  0.55995544E-14      298.16854      298.15000
    56234.1325190      0.9303E+00      0.6167E+00  0.55995543E-14      298.16854      298.15000
    57942.8696427      0.9283E+00      0.6088E+00  0.55995542E-14      298.16854      298.15000
    59703.5286584      0.9261E+00      0.6008E+00  0.55995541E-14      298.16854      298.15000
    61517.6872710      0.9239E+00      0.5926E+00  0.55995540E-14      298.16854      298.15000
    63386.9711257      0.9217E+00      0.5843E+00  0.55995539E-14      298.16854      298.15000
    65313.0552647      0.9194E+00      0.5759E+00  0.55995538E-14      298.16854      298.15000
    67297.6656284      0.9170E+00      0.5673E+00  0.55995537E-14      298.16854      298.15000
    69342.5806017      0.9146E+00      0.5587E+00  0.55995536E-14      298.16854      298.15000
    71449.6326076      0.9120E+00      0.5499E+00  0.55995535E-14      298.16854      298.15000
    73620.7097495      0.9095E+00      0.5409E+00  0.55995534E-14      298.16854      298.15000
    75857.7575029      0.9068E+00      0.5319E+00  0.55995533E-14      298.16854      298.15000
    78162.7804588      0.9041E+00      0.5227E+00  0.55995531E-14      298.16855      298.15000
    80537.8441199      0.9013E+00      0.5134E+00  0.55995530E-14      298.16855      298.15000
    82985.0767514      0.8984E+00      0.5040E+00  0.55995529E-14      298.16855      298.15000
    85506.6712885      0.8955E+00      0.4946E+00  0.55995528E-14      298.16855      298.15000
    88104.8873008      0.8924E+00      0.4850E+00  0.55995526E-14      298.16855      298.15000
    90782.0530178      0.8893E+00      0.4753E+00  0.55995525E-14      298.16855      298.15000
    93540.5674148      0.8861E+00      0.4655E+00  0.55995523E-14      298.16855      298.15000
    96382.9023624      0.8828E+00      0.4556E+00  0.55995522E-14      298.16855      298.15000
    99311.6048421      0.8795E+00      0.4457E+00  0.55995520E-14      298.16855      298.15000
   102329.2992281      0.8760E+00      0.4356E+00  0.55995519E-14      298.16855      298.15000
   105438.6896391      0.8725E+00      0.4255E+00  0.55995517E-14      298.16855      298.15000
   108642.5623617      0.8688E+00      0.4154E+00  0.55995516E-14      298.16855      298.15000
   111943.7883467      0.8651E+00      0.4052E+00  0.55995514E-14      298.16855      298.15000
   115345.3257821      0.8612E+00      0.3949E+00  0.55995512E-14      298.16855      298.15000
   118850.2227437      0.8573E+00      0.3846E+00  0.55995510E-14      298.16855      298.15000
   122461.6199265      0.8533E+00      0.3743E+00  0.55995508E-14      298.16855      298.15000
   126182.7534591      0.8491E+00      0.3639E+00  0.55995507E-14      298.16855      298.15000
   130016.9578033      0.8449E+00      0.3535E+00  0.55995505E-14      298.16855      298.15000
   133967.6687426      0.8406E+00      0.3432E+00  0.55995502E-14      298.16856      298.15000
   138038.4264603      0.8361E+00      0.3328E+00  0.55995500E-14      298.16856      298.15000
   142232.8787123      0.8315E+00      0.3224E+00  0.55995498E-14      298.16856      298.15000
   146554.7840956      0.8269E+00      0.3121E+00  0.55995496E-14      298.16856      298.15000
   151008.0154164      0.8221E+00      0.3018E+00  0.55995494E-14      298.16856      298.15000
   155596.5631605      0.8171E+00      0.2915E+00  0.55995491E-14      298.16856      298.15000
   160324.5390690      0.8121E+00      0.2813E+00  0.55995489E-14      298.16856      298.15000
   165196.1798229      0.8070E+00      0.2712E+00  0.55995486E-14      298.16856      298.15000
   170215.8508395      0.8017E+00      0.2611E+00  0.55995484E-14      298.16856      298.15000
   175388.0501842      0.7963E+00      0.2511E+00  0.55995481E-14      298.16856      298.15000
   180717.4126011      0.7908E+00      0.2412E+00  0.55995478E-14      298.16856      298.15000
   186208.7136663      0.7851E+00      0.2314E+00  0.55995475E-14      298.16857      298.15000
   191866.8740670      0.7793E+00      0.2218E+00  0.55995472E-14      298.16857      298.15000
   197696.9640112      0.7734E+00      0.2122E+00  0.55995469E-14      298.16857      298.15000
   203704.2077706      0.7674E+00      0.2028E+00  0.55995466E-14      298.16857      298.15000
   209893.9883624      0.7612E+00      0.1936E+00  0.55995463E-14      298.16857      298.15000
   216271.8523727      0.7549E+00      0.1845E+00  0.55995460E-14      298.16857      298.15000
   222843.5149270      0.7485E+00      0.1756E+00  0.55995456E-14      298.16857      298.15000
   229614.8648112      0.7419E+00      0.1668E+00  0.55995453E-14      298.16857      298.15000
   236591.9697486      0.7351E+00      0.1583E+00  0.55995449E-14      298.16858      298.15000
   243781.0818369      0.7283E+00      0.1499E+00  0.55995445E-14      298.16858      298.15000
   251188.6431510      0.7213E+00      0.1418E+00  0.55995442E-14      298.16858      298.15000
   258821.2915153      0.7141E+00      0.1338E+00  0.55995438E-14      298.16858      298.15000
   266685.8664521      0.7068E+00      0.1261E+00  0.55995434E-14      298.16858      298.15000
   274789.4153102      0.6994E+00      0.1187E+00  0.55995429E-14      298.16858      298.15000
   283139.1995799      0.6918E+00      0.1114E+00  0.55995425E-14      298.16858      298.15000
   291742.7014001      0.6841E+00      0.1044E+00  0.55995421E-14      298.16859      298.15000
   300607.6302628      0.6762E+00      0.9767E-01  0.55995416E-14      298.16859      298.15000
   309741.9299217      0.6682E+00      0.9117E-01  0.55995411E-14      298.16859      298.15000
   319153.7855101      0.6600E+00      0.8492E-01  0.55995406E-14      298.16859      298.15000
   328851.6308760      0.6517E+00      0.7893E-01  0.55995401E-14      298.16859      298.15000
   338844.1561392      0.6433E+00      0.7320E-01  0.55995396E-14      298.16860      298.15000
   349140.3154786      0.6347E+00      0.6773E-01  0.55995391E-14      298.16860      298.15000
   359749.3351557      0.6259E+00      0.6253E-01  0.55995385E-14      298.16860      298.15000
   370680.7217826      0.6171E+00      0.5758E-01  0.55995380E-14      298.16860      298.15000
   381944.2708400      0.6081E+00      0.5289E-01  0.55995374E-14      298.16860      298.15000
   393550.0754558      0.5989E+00      0.4846E-01  0.55995368E-14      298.16861      298.15000
   405508.5354484      0.5896E+00      0.4428E-01  0.55995362E-14      298.16861      298.15000
   417830.3666466      0.5802E+00      0.4035E-01  0.55995355E-14      298.16861      298.15000
   430526.6104917      0.5707E+00      0.3667E-01  0.55995349E-14      298.16861      298.15000
   443608.6439314      0.5610E+00      0.3322E-01  0.55995342E-14      298.16862      298.15000
   457088.1896149      0.5512E+00      0.3001E-01  0.55995335E-14      298.16862      298.15000
   470977.3263970      0.5413E+00      0.2703E-01  0.55995328E-14      298.16862      298.15000
   485288.5001621      0.5313E+00      0.2426E-01  0.55995320E-14      298.16862      298.15000
   500034.5349770      0.5212E+00      0.2171E-01  0.55995312E-14      298.16863      298.15000
   515228.6445818      0.5109E+00      0.1936E-01  0.55995305E-14      298.16863      298.15000
   530884.4442310      0.5006E+00      0.1720E-01  0.55995296E-14      298.16863      298.15000
   547015.9628940      0.4902E+00      0.1523E-01  0.55995288E-14      298.16864      298.15000
   563637.6558260      0.4796E+00      0.1344E-01  0.55995279E-14      298.16864      298.15000
   580764.4175213      0.4690E+00      0.1181E-01  0.55995271E-14      298.16864      298.15000
   598411.5950603      0.4584E+00      0.1034E-01  0.55995261E-14      298.16865      298.15000
   616595.0018615      0.4476E+00      0.9013E-02  0.55995252E-14      298.16865      298.15000
   635330.9318517      0.4368E+00      0.7826E-02  0.55995242E-14      298.16866      298.15000
   654636.1740673      0.4259E+00      0.6766E-02  0.55995232E-14      298.16866      298.15000
   674528.0276979      0.4150E+00      0.5823E-02  0.55995222E-14      298.16866      298.15000
   695024.3175888      0.4040E+00      0.4989E-02  0.55995211E-14      298.16867      298.15000
   716143.4102129      0.3930E+00      0.4255E-02  0.55995200E-14      298.16867      298.15000
   737904.2301291      0.3820E+00      0.3611E-02  0.55995189E-14      298.16868      298.15000
   760326.2769402      0.3710E+00      0.3049E-02  0.55995177E-14      298.16868      298.15000
   783429.6427662      0.3600E+00      0.2562E-02  0.55995165E-14      298.16869      298.15000
   807235.0302488      0.3490E+00      0.2141E-02  0.55995153E-14      298.16869      298.15000
   831763.7711027      0.3380E+00      0.1779E-02  0.55995140E-14      298.16870      298.15000
   857037.8452304      0.3270E+00      0.1470E-02  0.55995127E-14      298.16870      298.15000
   883079.9004186      0.3161E+00      0.1208E-02  0.55995114E-14      298.16871      298.15000
   909913.2726322      0.3052E+00      0.9869E-03  0.55995100E-14      298.16871      298.15000
   937562.0069259      0.2944E+00      0.8012E-03  0.55995085E-14      298.16872      298.15000
   966050.8789898      0.2836E+00      0.6463E-03  0.55995071E-14      298.16872      298.15000
   995405.4173515      0.2729E+00      0.5179E-03  0.55995055E-14      298.16873      298.15000
  1025651.9262514      0.2624E+00      0.4123E-03  0.55995040E-14      298.16873      298.15000
  1056817.5092137      0.2519E+00      0.3260E-03  0.55995024E-14      298.16874      298.15000
  1088930.0933334      0.2416E+00      0.2558E-03  0.55995007E-14      298.16875      298.15000
  1122018.4543020      0.2314E+00      0.1994E-03  0.55994990E-14      298.16875      298.15000
  1156112.2421921      0.2213E+00      0.1542E-03  0.55994972E-14      298.16876      298.15000
  1191242.0080274      0.2114E+00      0.1183E-03  0.55994954E-14      298.16877      298.15000
  1227439.2311584      0.2016E+00      0.9003E-04  0.55994935E-14      298.16878      298.15000
  1264736.3474711      0.1920E+00      0.6795E-04  0.55994916E-14      298.16878      298.15000
  1303166.7784523      0.1826E+00      0.5086E-04  0.55994896E-14      298.16879      298.15000
  1342764.9611379      0.1734E+00      0.3773E-04  0.55994875E-14      298.16880      298.15000
  1383566.3789718      0.1644E+00      0.2774E-04  0.55994854E-14      298.16881      298.15000
  1425607.5936022      0.1556E+00      0.2020E-04  0.55994832E-14      298.16882      298.15000
  1468926.2776439      0.1471E+00      0.1457E-04  0.55994810E-14      298.16883      298.15000
  1513561.2484362      0.1388E+00      0.1041E-04  0.55994787E-14      298.16883      298.15000
  1559552.5028270      0.1307E+00      0.7357E-05  0.55994763E-14      298.16884      298.15000
  1606941.2530129      0.1228E+00      0.5146E-05  0.55994738E-14      298.16885      298.15000
  1655769.9634695      0.1152E+00      0.3561E-05  0.55994713E-14      298.16886      298.15000
  1706082.3890031      0.1079E+00      0.2437E-05  0.55994687E-14      298.16887      298.15000
  1757923.6139587      0.1009E+00      0.1648E-05  0.55994660E-14      298.16888      298.15000
  1811340.0926196      0.9406E-01      0.1102E-05  0.55994632E-14      298.16890      298.15000
  1866379.6908347      0.8754E-01      0.7275E-06  0.55994603E-14      298.16891      298.15000
  1923091.7289102      0.8129E-01      0.4743E-06  0.55994574E-14      298.16892      298.15000
  1981527.0258051      0.7532E-01      0.3053E-06  0.55994544E-14      298.16893      298.15000
  2041737.9446695      0.6962E-01      0.1939E-06  0.55994512E-14      298.16894      298.15000
  2103778.4397665      0.6421E-01      0.1214E-06  0.55994480E-14      298.16896      298.15000
  2167704.1048197      0.5906E-01      0.7499E-07  0.55994447E-14      298.16897      298.15000
  2233572.2228305      0.5420E-01      0.4563E-07  0.55994413E-14      298.16898      298.15000
  2301441.8174085      0.4960E-01      0.2735E-07  0.55994378E-14      298.16900      298.15000
  2371373.7056617      0.4527E-01      0.1614E-07  0.55994341E-14      298.16901      298.15000
  2443430.5526940      0.4121E-01      0.9375E-08  0.55994304E-14      298.16903      298.15000
  2517676.9277589      0.3740E-01      0.5356E-08  0.55994266E-14      298.16904      298.15000
  2594179.3621188      0.3384E-01      0.3008E-08  0.55994226E-14      298.16906      298.15000
  2673006.4086633      0.3053E-01      0.1660E-08  0.55994185E-14      298.16907      298.15000
  2754228.7033382      0.2746E-01      0.8997E-09  0.55994143E-14      298.16909      298.15000
  2837919.0284416      0.2462E-01      0.4787E-09  0.55994099E-14      298.16911      298.15000
  2924152.3778433      0.2200E-01      0.2498E-09  0.55994055E-14      298.16912      298.15000
  3013006.0241861      0.1959E-01      0.1278E-09  0.55994009E-14      298.16914      298.15000
  3104559.5881283      0.1738E-01      0.6409E-10  0.55993961E-14      298.16916      298.15000
  3198895.1096914      0.1537E-01      0.3146E-10  0.55993912E-14      298.16918      298.15000
  3296097.1217746      0.1354E-01      0.1512E-10  0.55993862E-14      298.16920      298.15000
  3396252.7259041      0.1188E-01      0.7104E-11  0.55993810E-14      298.16922      298.15000
  3499451.6702836      0.1038E-01      0.3262E-11  0.55993756E-14      298.16924      298.15000
  3605786.4302164      0.9034E-02      0.1463E-11  0.55993701E-14      298.16926      298.15000
  3715352.2909717      0.7830E-02      0.6404E-12  0.55993644E-14      298.16929      298.15000
  3828247.4331682      0.6756E-02      0.2733E-12  0.55993586E-14      298.16931      298.15000
  3944573.0207528      0.5804E-02      0.1137E-12  0.55993525E-14      298.16933      298.15000
  4064433.2916521      0.4964E-02      0.4605E-13  0.55993463E-14      298.16936      298.15000
  4187935.6511792      0.4224E-02      0.1814E-13  0.55993399E-14      298.16938      298.15000
  4315190.7682776      0.3578E-02      0.6949E-14  0.55993333E-14      298.16941      298.15000
  4446312.6746911      0.3015E-02      0.2585E-14  0.55993265E-14      298.16944      298.15000
  4581418.8671453      0.2527E-02      0.9334E-15  0.55993195E-14      298.16946      298.15000
  4720630.4126359      0.2107E-02      0.3267E-15  0.55993123E-14      298.16949      298.15000
  4864072.0569146      0.1747E-02      0.1108E-15  0.55993048E-14      298.16952      298.15000
  5011872.3362727      0.1441E-02      0.3633E-16  0.55992972E-14      298.16955      298.15000
  5164163.6927207      0.1181E-02      0.1152E-16  0.55992893E-14      298.16958      298.15000
  5321082.5926679      0.9621E-03      0.3529E-17  0.55992811E-14      298.16962      298.15000
  5482769.6492085      0.7790E-03      0.1043E-17  0.55992727E-14      298.16965      298.15000
  5649369.7481230      0.6267E-03      0.2968E-18  0.55992641E-14      298.16968      298.15000
  5821032.1777087      0.5009E-03      0.8134E-19  0.55992552E-14      298.16972      298.15000
  5997910.7625551      0.3976E-03      0.2143E-19  0.55992460E-14      298.16975      298.15000
  6180164.0013841      0.3134E-03      0.5422E-20  0.55992366E-14      298.16979      298.15000
  6367955.2090792      0.2452E-03      0.1316E-20  0.55992268E-14      298.16983      298.15000
  6561452.6630290      0.1905E-03      0.3058E-21  0.55992168E-14      298.16987      298.15000
  6760829.7539198      0.1468E-03      0.6800E-22  0.55992065E-14      298.16991      298.15000
  6966265.1411077      0.1123E-03      0.1444E-22  0.55991958E-14      298.16995      298.15000
  7177942.9127136      0.8517E-04      0.2927E-23  0.55991848E-14      298.17000      298.15000
  7396052.7505824      0.6407E-04      0.5651E-24  0.55991735E-14      298.17004      298.15000
  7620790.1002541      0.4777E-04      0.1038E-24  0.55991619E-14      298.17009      298.15000
  7852356.3461007      0.3531E-04      0.1810E-25  0.55991499E-14      298.17013      298.15000
  8090958.9917838      0.2586E-04      0.2994E-26  0.55991375E-14      298.17018      298.15000
  8336811.8461963      0.1876E-04      0.4690E-27  0.55991248E-14      298.17023      298.15000
  8590135.2150539      0.1348E-04      0.6943E-28  0.55991116E-14      298.17029      298.15000
  8851156.0983083      0.9584E-05      0.9698E-29  0.55990981E-14      298.17034      298.15000
  9120108.3935591      0.6746E-05      0.1276E-29  0.55990841E-14      298.17039      298.15000
  9397233.1056464      0.4698E-05      0.1000E-29  0.55990698E-14      298.17045      298.15000
  9682778.5626125      0.3236E-05      0.1000E-29  0.55990550E-14      298.17051      298.15000
  9977000.6382255      0.2204E-05      0.1000E-29  0.55990397E-14      298.17057      298.15000
 10280162.9812647      0.1483E-05      0.1000E-29  0.55990240E-14      298.17063      298.15000
 10592537.2517729      0.9866E-06      0.1000E-29  0.55990078E-14      298.17070      298.15000
 10914403.3644875      0.6481E-06      0.1000E-29  0.55989911E-14      298.17076      298.15000
 11246049.7396693      0.4203E-06      0.1000E-29  0.55987314E-14      298.16810      298.15000
 11587773.5615512      0.2690E-06      0.1000E-29  0.55987137E-14      298.16817      298.15000
 11939881.0446427      0.1699E-06      0.1000E-29  0.55986954E-14      298.16824      298.15000
 12302687.7081238      0.1058E-06      0.1000E-29  0.55986766E-14      298.16832      298.15000
 12676518.6585785      0.6493E-07      0.1000E-29  0.55986572E-14      298.16839      298.15000
 13061708.8813184      0.3927E-07      0.1000E-29  0.55986372E-14      298.16847      298.15000
 13458603.5405594      0.2339E-07      0.1000E-29  0.55986167E-14      298.16855      298.15000
 13867558.2887189      0.1371E-07      0.1000E-29  0.55985954E-14      298.16864      298.15000
 14288939.5851110      0.7911E-08      0.1000E-29  0.55985736E-14      298.16872      298.15000
 14723125.0243272      0.4488E-08      0.1000E-29  0.55985511E-14      298.16881      298.15000
 15170503.6745933      0.2502E-08      0.1000E-29  0.55985279E-14      298.16890      298.15000
 15631476.4264095      0.1371E-08      0.1000E-29  0.55985040E-14      298.16900      298.15000
 16106456.3517827      0.7373E-09      0.1000E-29  0.55984794E-14      298.16910      298.15000
 16595869.0743756      0.3892E-09      0.1000E-29  0.55984540E-14      298.16920      298.15000
 17100153.1509029      0.2015E-09      0.1000E-29  0.55984278E-14      298.16930      298.15000
 17619760.4641162      0.1022E-09      0.1000E-29  0.55984009E-14      298.16941      298.15000
 18155156.6277313      0.5082E-10      0.1000E-29  0.55983732E-14      298.16952      298.15000
 18706821.4036580      0.2473E-10      0.1000E-29  0.55983446E-14      298.16963      298.15000
 19275249.1319094      0.1177E-10      0.1000E-29  0.55983151E-14      298.16975      298.15000
 19860949.1735737      0.5481E-11      0.1000E-29  0.55982848E-14      298.16987      298.15000
 20464446.3672468      0.2493E-11      0.1000E-29  0.55982535E-14      298.16999      298.15000
 21086281.4993329      0.1107E-11      0.1000E-29  0.55982213E-14      298.17012      298.15000
 21727011.7886374      0.4795E-12      0.1000E-29  0.55981881E-14      298.17025      298.15000
 22387211.3856834      0.2025E-12      0.1000E-29  0.55981539E-14      298.17038      298.15000
 23067471.8872006      0.8333E-13      0.1000E-29  0.55981186E-14      298.17052      298.15000
 23768402.8662488      0.3337E-13      0.1000E-29  0.55980823E-14      298.17067      298.15000
 24490632.4184474      0.1300E-13      0.1000E-29  0.55978023E-14      298.16808      298.15000
 25234807.7248058      0.4920E-14      0.1000E-29  0.55977637E-14      298.16824      298.15000
 26001595.6316527      0.1808E-14      0.1000E-29  0.55977240E-14      298.16839      298.15000
 26791683.2481902      0.6445E-15      0.1000E-29  0.55976830E-14      298.16855      298.15000
 27605778.5622034      0.2227E-15      0.1000E-29  0.55976408E-14      298.16872      298.15000
 28444611.0744791      0.7449E-16      0.1000E-29  0.55975974E-14      298.16889      298.15000
 29308932.4525032      0.2410E-16      0.1000E-29  0.55975526E-14      298.16907      298.15000
 30199517.2040201      0.7536E-17      0.1000E-29  0.55975064E-14      298.16925      298.15000
 31117163.3710602      0.2274E-17      0.1000E-29  0.55974589E-14      298.16944      298.15000
 32062693.2450546      0.6619E-18      0.1000E-29  0.55974099E-14      298.16963      298.15000
 33036954.1036814      0.1855E-18      0.1000E-29  0.55973595E-14      298.16983      298.15000
 34040818.9701001      0.5004E-19      0.1000E-29  0.55973075E-14      298.17004      298.15000
 35075187.3952567      0.1297E-19      0.1000E-29  0.55972540E-14      298.17025      298.15000
 36140986.2639613      0.3225E-20      0.1000E-29  0.55971988E-14      298.17047      298.15000
 37239170.6254568      0.7691E-21      0.1000E-29  0.55971419E-14      298.17069      298.15000
 38370724.5492279      0.1756E-21      0.1000E-29  0.55968406E-14      298.16819      298.15000
 39536662.0068127      0.3832E-22      0.1000E-29  0.55967802E-14      298.16843      298.15000
 40738027.7804113      0.7987E-23      0.1000E-29  0.55967180E-14      298.16868      298.15000
 41975898.3991007      0.1587E-23      0.1000E-29  0.55966539E-14      298.16893      298.15000
 43251383.1035008      0.3003E-24      0.1000E-29  0.55965879E-14      298.16919      298.15000
 44565624.8397503      0.5400E-25      0.1000E-29  0.55965198E-14      298.16946      298.15000
 45919801.2836867      0.9220E-26      0.1000E-29  0.55964498E-14      298.16974      298.15000
 47315125.8961480      0.1492E-26      0.1000E-29  0.55963776E-14      298.17002      298.15000
 48752849.0103385      0.2284E-27      0.1000E-29  0.55963032E-14      298.17032      298.15000
 50234258.9522387      0.3302E-28      0.1000E-29  0.55962266E-14      298.17062      298.15000
 51760683.1950567      0.4503E-29      0.1000E-29  0.55959047E-14      298.16820      298.15000
 53333489.5487619      0.1000E-29      0.1000E-29  0.55958233E-14      298.16852      298.15000
 54954087.3857624      0.1000E-29      0.1000E-29  0.55957395E-14      298.16885      298.15000
 56623928.9038252      0.1000E-29      0.1000E-29  0.55956531E-14      298.16919      298.15000
 58344510.4273744      0.1000E-29      0.1000E-29  0.55955641E-14      298.16955      298.15000
 60117373.7483277      0.1000E-29      0.1000E-29  0.55954724E-14      298.16991      298.15000
 61944107.5076782      0.1000E-29      0.1000E-29  0.55953780E-14      298.17028      298.15000
 63826348.6190548      0.1000E-29      0.1000E-29  0.55952807E-14      298.17067      298.15000
 65765783.7355418      0.1000E-29      0.1000E-29  0.55949374E-14      298.16833      298.15000
 67764150.7610674      0.1000E-29      0.1000E-29  0.55948341E-14      298.16874      298.15000
 69823240.4077170      0.1000E-29      0.1000E-29  0.55947276E-14      298.16916      298.15000
 71944897.8003699      0.1000E-29      0.1000E-29  0.55946179E-14      298.16959      298.15000
 74131024.1300916      0.1000E-29      0.1000E-29  0.55945050E-14      298.17004      298.15000
 76383578.3577691      0.1000E-29      0.1000E-29  0.55943886E-14      298.17050      298.15000
 78704578.9695097      0.1000E-29      0.1000E-29  0.55940256E-14      298.16824      298.15000
 81096105.7853841      0.1000E-29      0.1000E-29  0.55939020E-14      298.16873      298.15000
 83560301.8231247      0.1000E-29      0.1000E-29  0.55937747E-14      298.16923      298.15000
 86099375.2184598      0.1000E-29      0.1000E-29  0.55936436E-14      298.16975      298.15000
 88715601.2037960      0.1000E-29      0.1000E-29  0.55935085E-14      298.17028      298.15000
 91411324.1470248      0.1000E-29      0.1000E-29  0.55931262E-14      298.16810      298.15000
 94188959.6522841      0.1000E-29      0.1000E-29  0.55929828E-14      298.16866      298.15000
 97050996.7245488      0.1000E-29      0.1000E-29  0.55928350E-14      298.16924      298.15000
100000000.0000000      0.1000E-29      0.1000E-29  0.55926828E-14      298.16985      298.15000
