        0.0000100   0.994095E+00   0.181389E-04   0.588417E+01   0.142576E-14   0.495510E-07   0.399376E+03   0.298148E+03
        0.0000103   0.994095E+00   0.185348E-04   0.598555E+01   0.145488E-14   0.495621E-07   0.399376E+03   0.298148E+03
        0.0000106   0.994095E+00   0.189377E-04   0.608817E+01   0.148450E-14   0.495728E-07   0.399376E+03   0.298148E+03
        0.0000109   0.994095E+00   0.193476E-04   0.619204E+01   0.151463E-14   0.495831E-07   0.399376E+03   0.298148E+03
        0.0000113   0.994095E+00   0.197646E-04   0.629715E+01   0.154527E-14   0.495930E-07   0.399376E+03   0.298148E+03
        0.0000116   0.994095E+00   0.201889E-04   0.640352E+01   0.157645E-14   0.496025E-07   0.399376E+03   0.298148E+03
        0.0000120   0.994095E+00   0.206205E-04   0.651116E+01   0.160816E-14   0.496116E-07   0.399376E+03   0.298148E+03
        0.0000123   0.994095E+00   0.210597E-04   0.662007E+01   0.164041E-14   0.496203E-07   0.399376E+03   0.298148E+03
        0.0000127   0.994095E+00   0.215064E-04   0.673026E+01   0.167322E-14   0.496287E-07   0.399376E+03   0.298148E+03
        0.0000131   0.994095E+00   0.219608E-04   0.684173E+01   0.170660E-14   0.496368E-07   0.399376E+03   0.298148E+03
        0.0000135   0.994096E+00   0.224231E-04   0.695450E+01   0.174056E-14   0.496445E-07   0.399376E+03   0.298148E+03
        0.0000139   0.994096E+00   0.228934E-04   0.706856E+01   0.177510E-14   0.496519E-07   0.399376E+03   0.298148E+03
        0.0000143   0.994096E+00   0.233718E-04   0.718394E+01   0.181024E-14   0.496590E-07   0.399376E+03   0.298148E+03
        0.0000148   0.994096E+00   0.238584E-04   0.730062E+01   0.184598E-14   0.496657E-07   0.399376E+03   0.298148E+03
        0.0000152   0.994096E+00   0.243535E-04   0.741863E+01   0.188234E-14   0.496722E-07   0.399376E+03   0.298148E+03
        0.0000157   0.994096E+00   0.248570E-04   0.753796E+01   0.191934E-14   0.496783E-07   0.399376E+03   0.298148E+03
        0.0000161   0.994096E+00   0.253692E-04   0.765862E+01   0.195697E-14   0.496841E-07   0.399376E+03   0.298148E+03
        0.0000166   0.994096E+00   0.258902E-04   0.778062E+01   0.199526E-14   0.496897E-07   0.399376E+03   0.298147E+03
        0.0000171   0.994096E+00   0.264202E-04   0.790397E+01   0.203421E-14   0.496949E-07   0.399376E+03   0.298147E+03
        0.0000177   0.994096E+00   0.269592E-04   0.802866E+01   0.207384E-14   0.496999E-07   0.399376E+03   0.298147E+03
        0.0000182   0.994096E+00   0.275076E-04   0.815472E+01   0.211416E-14   0.497045E-07   0.399376E+03   0.298147E+03
        0.0000187   0.994096E+00   0.280653E-04   0.828213E+01   0.215518E-14   0.497089E-07   0.399376E+03   0.298147E+03
        0.0000193   0.994096E+00   0.286327E-04   0.841091E+01   0.219692E-14   0.497130E-07   0.399376E+03   0.298147E+03
        0.0000199   0.994096E+00   0.292097E-04   0.854106E+01   0.223938E-14   0.497168E-07   0.399376E+03   0.298147E+03
        0.0000205   0.994096E+00   0.297967E-04   0.867259E+01   0.228259E-14   0.497203E-07   0.399376E+03   0.298147E+03
        0.0000211   0.994096E+00   0.303938E-04   0.880550E+01   0.232655E-14   0.497235E-07   0.399376E+03   0.298147E+03
        0.0000218   0.994096E+00   0.310012E-04   0.893980E+01   0.237129E-14   0.497265E-07   0.399376E+03   0.298147E+03
        0.0000224   0.994096E+00   0.316190E-04   0.907550E+01   0.241681E-14   0.497292E-07   0.399376E+03   0.298147E+03
        0.0000231   0.994096E+00   0.322474E-04   0.921259E+01   0.246313E-14   0.497316E-07   0.399376E+03   0.298147E+03
        0.0000238   0.994096E+00   0.328867E-04   0.935109E+01   0.251026E-14   0.497337E-07   0.399376E+03   0.298147E+03
        0.0000245   0.994096E+00   0.335368E-04   0.949094E+01   0.255822E-14   0.497356E-07   0.399376E+03   0.298147E+03
        0.0000253   0.994096E+00   0.341981E-04   0.963219E+01   0.260702E-14   0.497372E-07   0.399376E+03   0.298147E+03
        0.0000261   0.994096E+00   0.348708E-04   0.977484E+01   0.265669E-14   0.497385E-07   0.399376E+03   0.298147E+03
        0.0000269   0.994096E+00   0.355550E-04   0.991890E+01   0.270723E-14   0.497396E-07   0.399376E+03   0.298147E+03
        0.0000277   0.994096E+00   0.362510E-04   0.100644E+02   0.275866E-14   0.497403E-07   0.399376E+03   0.298147E+03
        0.0000285   0.994096E+00   0.369590E-04   0.102112E+02   0.281101E-14   0.497408E-07   0.399376E+03   0.298147E+03
        0.0000294   0.994096E+00   0.376792E-04   0.103595E+02   0.286429E-14   0.497411E-07   0.399376E+03   0.298147E+03
        0.0000303   0.994096E+00   0.384118E-04   0.105092E+02   0.291851E-14   0.497410E-07   0.399376E+03   0.298147E+03
        0.0000312   0.994096E+00   0.391570E-04   0.106602E+02   0.297370E-14   0.497407E-07   0.399376E+03   0.298146E+03
        0.0000321   0.994096E+00   0.399151E-04   0.108127E+02   0.302988E-14   0.497401E-07   0.399376E+03   0.298146E+03
        0.0000331   0.994096E+00   0.406863E-04   0.109666E+02   0.308706E-14   0.497392E-07   0.399376E+03   0.298146E+03
        0.0000341   0.994096E+00   0.414709E-04   0.111220E+02   0.314526E-14   0.497381E-07   0.399376E+03   0.298146E+03
        0.0000352   0.994096E+00   0.422690E-04   0.112787E+02   0.320451E-14   0.497367E-07   0.399376E+03   0.298146E+03
        0.0000362   0.994096E+00   0.430808E-04   0.114368E+02   0.326482E-14   0.497350E-07   0.399376E+03   0.298146E+03
        0.0000373   0.994096E+00   0.439067E-04   0.115963E+02   0.332621E-14   0.497331E-07   0.399376E+03   0.298146E+03
        0.0000385   0.994096E+00   0.447470E-04   0.117572E+02   0.338871E-14   0.497308E-07   0.399376E+03   0.298146E+03
        0.0000396   0.994096E+00   0.456018E-04   0.119195E+02   0.345234E-14   0.497283E-07   0.399376E+03   0.298146E+03
        0.0000408   0.994096E+00   0.464716E-04   0.120832E+02   0.351713E-14   0.497255E-07   0.399376E+03   0.298146E+03
        0.0000421   0.994096E+00   0.473564E-04   0.122482E+02   0.358310E-14   0.497224E-07   0.399376E+03   0.298146E+03
        0.0000434   0.994096E+00   0.482568E-04   0.124147E+02   0.365026E-14   0.497190E-07   0.399376E+03   0.298146E+03
        0.0000447   0.994096E+00   0.491729E-04   0.125826E+02   0.371866E-14   0.497153E-07   0.399376E+03   0.298146E+03
        0.0000460   0.994096E+00   0.501050E-04   0.127519E+02   0.378831E-14   0.497114E-07   0.399376E+03   0.298145E+03
        0.0000474   0.994096E+00   0.510535E-04   0.129226E+02   0.385924E-14   0.497072E-07   0.399376E+03   0.298145E+03
        0.0000489   0.994096E+00   0.520185E-04   0.130946E+02   0.393147E-14   0.497026E-07   0.399376E+03   0.298145E+03
        0.0000504   0.994096E+00   0.530005E-04   0.132680E+02   0.400502E-14   0.496978E-07   0.399376E+03   0.298145E+03
        0.0000519   0.994096E+00   0.539997E-04   0.134427E+02   0.407994E-14   0.496926E-07   0.399376E+03   0.298145E+03
        0.0000535   0.994096E+00   0.550165E-04   0.136188E+02   0.415624E-14   0.496872E-07   0.399376E+03   0.298145E+03
        0.0000551   0.994096E+00   0.560512E-04   0.137963E+02   0.423396E-14   0.496814E-07   0.399376E+03   0.298145E+03
        0.0000568   0.994096E+00   0.571042E-04   0.139750E+02   0.431313E-14   0.496753E-07   0.399376E+03   0.298145E+03
        0.0000585   0.994096E+00   0.581758E-04   0.141551E+02   0.439377E-14   0.496689E-07   0.399376E+03   0.298145E+03
        0.0000603   0.994096E+00   0.592664E-04   0.143366E+02   0.447592E-14   0.496623E-07   0.399376E+03   0.298144E+03
        0.0000621   0.994096E+00   0.603763E-04   0.145193E+02   0.455961E-14   0.496552E-07   0.399376E+03   0.298144E+03
        0.0000640   0.994096E+00   0.615060E-04   0.147034E+02   0.464488E-14   0.496479E-07   0.399376E+03   0.298144E+03
        0.0000659   0.994096E+00   0.626557E-04   0.148887E+02   0.473175E-14   0.496402E-07   0.399376E+03   0.298144E+03
        0.0000679   0.994096E+00   0.638260E-04   0.150753E+02   0.482027E-14   0.496322E-07   0.399376E+03   0.298144E+03
        0.0000700   0.994096E+00   0.650172E-04   0.152632E+02   0.491047E-14   0.496238E-07   0.399376E+03   0.298144E+03
        0.0000721   0.994096E+00   0.662297E-04   0.154524E+02   0.500239E-14   0.496151E-07   0.399376E+03   0.298144E+03
        0.0000743   0.994096E+00   0.674640E-04   0.156428E+02   0.509606E-14   0.496060E-07   0.399376E+03   0.298143E+03
        0.0000766   0.994096E+00   0.687205E-04   0.158345E+02   0.519153E-14   0.495967E-07   0.399376E+03   0.298143E+03
        0.0000789   0.994096E+00   0.699996E-04   0.160274E+02   0.528883E-14   0.495869E-07   0.399376E+03   0.298143E+03
        0.0000813   0.994096E+00   0.713018E-04   0.162215E+02   0.538801E-14   0.495767E-07   0.399376E+03   0.298143E+03
        0.0000838   0.994096E+00   0.726275E-04   0.164168E+02   0.548911E-14   0.495661E-07   0.399376E+03   0.298143E+03
        0.0000863   0.994096E+00   0.739774E-04   0.166133E+02   0.559218E-14   0.495552E-07   0.399376E+03   0.298143E+03
        0.0000889   0.994096E+00   0.753517E-04   0.168110E+02   0.569725E-14   0.495439E-07   0.399376E+03   0.298142E+03
        0.0000916   0.994096E+00   0.767511E-04   0.170099E+02   0.580438E-14   0.495322E-07   0.399376E+03   0.298142E+03
        0.0000944   0.994096E+00   0.781760E-04   0.172099E+02   0.591360E-14   0.495200E-07   0.399376E+03   0.298142E+03
        0.0000973   0.994096E+00   0.796269E-04   0.174111E+02   0.602498E-14   0.495075E-07   0.399376E+03   0.298142E+03
        0.0001002   0.994096E+00   0.811045E-04   0.176134E+02   0.613856E-14   0.494945E-07   0.399376E+03   0.298142E+03
        0.0001033   0.994096E+00   0.826093E-04   0.178168E+02   0.625440E-14   0.494811E-07   0.399376E+03   0.298141E+03
        0.0001064   0.994096E+00   0.841417E-04   0.180214E+02   0.637253E-14   0.494672E-07   0.399376E+03   0.298141E+03
        0.0001096   0.994095E+00   0.857024E-04   0.182269E+02   0.649303E-14   0.494529E-07   0.399376E+03   0.298141E+03
        0.0001130   0.994095E+00   0.872920E-04   0.184336E+02   0.661595E-14   0.494381E-07   0.399376E+03   0.298141E+03
        0.0001164   0.994095E+00   0.889110E-04   0.186413E+02   0.674134E-14   0.494228E-07   0.399376E+03   0.298141E+03
        0.0001199   0.994095E+00   0.905602E-04   0.188500E+02   0.686927E-14   0.494070E-07   0.399376E+03   0.298140E+03
        0.0001236   0.994095E+00   0.922401E-04   0.190598E+02   0.699980E-14   0.493907E-07   0.399376E+03   0.298140E+03
        0.0001274   0.994095E+00   0.939514E-04   0.192706E+02   0.713299E-14   0.493739E-07   0.399376E+03   0.298140E+03
        0.0001312   0.994095E+00   0.956948E-04   0.194823E+02   0.726891E-14   0.493565E-07   0.399376E+03   0.298139E+03
        0.0001352   0.994095E+00   0.974709E-04   0.196950E+02   0.740762E-14   0.493386E-07   0.399376E+03   0.298139E+03
        0.0001393   0.994095E+00   0.992804E-04   0.199087E+02   0.754920E-14   0.493202E-07   0.399376E+03   0.298139E+03
        0.0001435   0.994095E+00   0.101124E-03   0.201233E+02   0.769373E-14   0.493012E-07   0.399376E+03   0.298139E+03
        0.0001479   0.994095E+00   0.103003E-03   0.203388E+02   0.784127E-14   0.492816E-07   0.399376E+03   0.298138E+03
        0.0001524   0.994095E+00   0.104917E-03   0.205552E+02   0.799191E-14   0.492615E-07   0.399376E+03   0.298138E+03
        0.0001570   0.994095E+00   0.106868E-03   0.207725E+02   0.814572E-14   0.492407E-07   0.399376E+03   0.298138E+03
        0.0001618   0.994095E+00   0.108856E-03   0.209907E+02   0.830278E-14   0.492193E-07   0.399376E+03   0.298137E+03
        0.0001667   0.994095E+00   0.110882E-03   0.212097E+02   0.846320E-14   0.491973E-07   0.399376E+03   0.298137E+03
        0.0001718   0.994095E+00   0.112948E-03   0.214295E+02   0.862705E-14   0.491747E-07   0.399376E+03   0.298137E+03
        0.0001770   0.994094E+00   0.115053E-03   0.216501E+02   0.879443E-14   0.491514E-07   0.399376E+03   0.298136E+03
        0.0001824   0.994094E+00   0.117198E-03   0.218715E+02   0.896542E-14   0.491274E-07   0.399376E+03   0.298136E+03
        0.0001879   0.994094E+00   0.119386E-03   0.220937E+02   0.914014E-14   0.491028E-07   0.399376E+03   0.298136E+03
        0.0001936   0.994094E+00   0.121616E-03   0.223166E+02   0.931869E-14   0.490775E-07   0.399376E+03   0.298135E+03
        0.0001995   0.994094E+00   0.123890E-03   0.225403E+02   0.950116E-14   0.490515E-07   0.399376E+03   0.298135E+03
        0.0002056   0.994094E+00   0.126209E-03   0.227646E+02   0.968767E-14   0.490248E-07   0.399376E+03   0.298134E+03
        0.0002118   0.994094E+00   0.128573E-03   0.229896E+02   0.987834E-14   0.489974E-07   0.399376E+03   0.298134E+03
        0.0002183   0.994094E+00   0.130984E-03   0.232152E+02   0.100733E-13   0.489693E-07   0.399376E+03   0.298133E+03
        0.0002249   0.994094E+00   0.133444E-03   0.234414E+02   0.102726E-13   0.489405E-07   0.399376E+03   0.298133E+03
        0.0002317   0.994094E+00   0.135952E-03   0.236682E+02   0.104764E-13   0.489109E-07   0.399376E+03   0.298132E+03
        0.0002388   0.994094E+00   0.138511E-03   0.238955E+02   0.106849E-13   0.488806E-07   0.399376E+03   0.298132E+03
        0.0002460   0.994093E+00   0.141122E-03   0.241234E+02   0.108981E-13   0.488496E-07   0.399376E+03   0.298131E+03
        0.0002535   0.994093E+00   0.143785E-03   0.243516E+02   0.111163E-13   0.488178E-07   0.399376E+03   0.298131E+03
        0.0002612   0.994093E+00   0.146503E-03   0.245803E+02   0.113395E-13   0.487853E-07   0.399376E+03   0.298130E+03
        0.0002692   0.994093E+00   0.149277E-03   0.248093E+02   0.115679E-13   0.487520E-07   0.399376E+03   0.298130E+03
        0.0002773   0.994093E+00   0.152108E-03   0.250387E+02   0.118017E-13   0.487181E-07   0.399376E+03   0.298129E+03
        0.0002858   0.994093E+00   0.154998E-03   0.252683E+02   0.120410E-13   0.486834E-07   0.399376E+03   0.298129E+03
        0.0002944   0.994093E+00   0.157947E-03   0.254981E+02   0.122860E-13   0.486479E-07   0.399376E+03   0.298128E+03
        0.0003034   0.994093E+00   0.160959E-03   0.257280E+02   0.125368E-13   0.486118E-07   0.399376E+03   0.298127E+03
        0.0003126   0.994092E+00   0.164035E-03   0.259580E+02   0.127936E-13   0.485750E-07   0.399376E+03   0.298127E+03
        0.0003221   0.994092E+00   0.167176E-03   0.261879E+02   0.130566E-13   0.485374E-07   0.399376E+03   0.298126E+03
        0.0003319   0.994092E+00   0.170385E-03   0.264178E+02   0.133260E-13   0.484992E-07   0.399376E+03   0.298125E+03
        0.0003420   0.994092E+00   0.173663E-03   0.266475E+02   0.136020E-13   0.484604E-07   0.399376E+03   0.298125E+03
        0.0003524   0.994092E+00   0.177012E-03   0.268769E+02   0.138848E-13   0.484209E-07   0.399376E+03   0.298124E+03
        0.0003631   0.994092E+00   0.180434E-03   0.271060E+02   0.141745E-13   0.483807E-07   0.399376E+03   0.298123E+03
        0.0003741   0.994091E+00   0.183931E-03   0.273346E+02   0.144715E-13   0.483400E-07   0.399376E+03   0.298123E+03
        0.0003855   0.994091E+00   0.187507E-03   0.275628E+02   0.147759E-13   0.482987E-07   0.399376E+03   0.298122E+03
        0.0003972   0.994091E+00   0.191162E-03   0.277903E+02   0.150879E-13   0.482569E-07   0.399376E+03   0.298121E+03
        0.0004093   0.994091E+00   0.194900E-03   0.280171E+02   0.154079E-13   0.482145E-07   0.399376E+03   0.298120E+03
        0.0004217   0.994091E+00   0.198722E-03   0.282431E+02   0.157360E-13   0.481717E-07   0.399376E+03   0.298119E+03
        0.0004345   0.994091E+00   0.202632E-03   0.284682E+02   0.160725E-13   0.481283E-07   0.399376E+03   0.298118E+03
        0.0004477   0.994090E+00   0.206632E-03   0.286922E+02   0.164177E-13   0.480844E-07   0.399376E+03   0.298117E+03
        0.0004613   0.994090E+00   0.210724E-03   0.289151E+02   0.167718E-13   0.480400E-07   0.399376E+03   0.298116E+03
        0.0004753   0.994090E+00   0.214912E-03   0.291369E+02   0.171351E-13   0.479953E-07   0.399376E+03   0.298115E+03
        0.0004898   0.994090E+00   0.219199E-03   0.293572E+02   0.175080E-13   0.479501E-07   0.399376E+03   0.298114E+03
        0.0005047   0.994090E+00   0.223586E-03   0.295761E+02   0.178907E-13   0.479044E-07   0.399376E+03   0.298113E+03
        0.0005200   0.994089E+00   0.228078E-03   0.297936E+02   0.182836E-13   0.478584E-07   0.399376E+03   0.298112E+03
        0.0005358   0.994089E+00   0.232678E-03   0.300093E+02   0.186869E-13   0.478120E-07   0.399376E+03   0.298111E+03
        0.0005521   0.994089E+00   0.237389E-03   0.302232E+02   0.191010E-13   0.477652E-07   0.399376E+03   0.298110E+03
        0.0005689   0.994089E+00   0.242214E-03   0.304353E+02   0.195263E-13   0.477180E-07   0.399376E+03   0.298109E+03
        0.0005861   0.994088E+00   0.247157E-03   0.306454E+02   0.199630E-13   0.476705E-07   0.399376E+03   0.298108E+03
        0.0006039   0.994088E+00   0.252221E-03   0.308534E+02   0.204117E-13   0.476227E-07   0.399376E+03   0.298106E+03
        0.0006223   0.994088E+00   0.257410E-03   0.310591E+02   0.208726E-13   0.475744E-07   0.399376E+03   0.298105E+03
        0.0006412   0.994088E+00   0.262728E-03   0.312625E+02   0.213462E-13   0.475259E-07   0.399376E+03   0.298104E+03
        0.0006607   0.994088E+00   0.268180E-03   0.314634E+02   0.218328E-13   0.474771E-07   0.399376E+03   0.298103E+03
        0.0006808   0.994087E+00   0.273769E-03   0.316616E+02   0.223329E-13   0.474280E-07   0.399376E+03   0.298101E+03
        0.0007015   0.994087E+00   0.279499E-03   0.318571E+02   0.228470E-13   0.473787E-07   0.399376E+03   0.298100E+03
        0.0007228   0.994087E+00   0.285375E-03   0.320498E+02   0.233754E-13   0.473291E-07   0.399376E+03   0.298098E+03
        0.0007447   0.994087E+00   0.291402E-03   0.322394E+02   0.239187E-13   0.472794E-07   0.399376E+03   0.298097E+03
        0.0007674   0.994086E+00   0.297585E-03   0.324258E+02   0.244773E-13   0.472294E-07   0.399376E+03   0.298095E+03
        0.0007907   0.994086E+00   0.303929E-03   0.326088E+02   0.250517E-13   0.471794E-07   0.399376E+03   0.298093E+03
        0.0008147   0.994086E+00   0.310439E-03   0.327885E+02   0.256426E-13   0.471294E-07   0.399376E+03   0.298092E+03
        0.0008395   0.994085E+00   0.317121E-03   0.329644E+02   0.262503E-13   0.470792E-07   0.399376E+03   0.298090E+03
        0.0008650   0.994085E+00   0.323980E-03   0.331366E+02   0.268755E-13   0.470292E-07   0.399376E+03   0.298088E+03
        0.0008913   0.994085E+00   0.331022E-03   0.333049E+02   0.275188E-13   0.469792E-07   0.399376E+03   0.298086E+03
        0.0009183   0.994085E+00   0.338255E-03   0.334690E+02   0.281807E-13   0.469294E-07   0.399376E+03   0.298085E+03
        0.0009462   0.994084E+00   0.345683E-03   0.336289E+02   0.288618E-13   0.468798E-07   0.399376E+03   0.298083E+03
        0.0009750   0.994084E+00   0.353315E-03   0.337843E+02   0.295628E-13   0.468304E-07   0.399376E+03   0.298081E+03
        0.0010046   0.994084E+00   0.361157E-03   0.339352E+02   0.302845E-13   0.467815E-07   0.399376E+03   0.298079E+03
        0.0010351   0.994083E+00   0.369215E-03   0.340813E+02   0.310273E-13   0.467328E-07   0.399376E+03   0.298076E+03
        0.0010666   0.994083E+00   0.377500E-03   0.342226E+02   0.317922E-13   0.466847E-07   0.399376E+03   0.298074E+03
        0.0010990   0.994083E+00   0.386017E-03   0.343589E+02   0.325797E-13   0.466371E-07   0.399376E+03   0.298072E+03
        0.0011324   0.994082E+00   0.394775E-03   0.344901E+02   0.333906E-13   0.465901E-07   0.399376E+03   0.298070E+03
        0.0011668   0.994082E+00   0.403784E-03   0.346162E+02   0.342258E-13   0.465438E-07   0.399376E+03   0.298067E+03
        0.0012023   0.994081E+00   0.413051E-03   0.347369E+02   0.350859E-13   0.464981E-07   0.399376E+03   0.298065E+03
        0.0012388   0.994081E+00   0.422585E-03   0.348522E+02   0.359719E-13   0.464534E-07   0.399376E+03   0.298062E+03
        0.0012764   0.994081E+00   0.432397E-03   0.349621E+02   0.368845E-13   0.464094E-07   0.399376E+03   0.298060E+03
        0.0013152   0.994080E+00   0.442495E-03   0.350664E+02   0.378247E-13   0.463662E-07   0.399376E+03   0.298057E+03
        0.0013552   0.994080E+00   0.452890E-03   0.351652E+02   0.387933E-13   0.463240E-07   0.399376E+03   0.298054E+03
        0.0013964   0.994079E+00   0.463593E-03   0.352587E+02   0.397914E-13   0.462828E-07   0.399376E+03   0.298051E+03
        0.0014388   0.994079E+00   0.474612E-03   0.353463E+02   0.408196E-13   0.462424E-07   0.399376E+03   0.298048E+03
        0.0014825   0.994078E+00   0.485961E-03   0.354287E+02   0.418792E-13   0.462032E-07   0.399376E+03   0.298045E+03
        0.0015276   0.994078E+00   0.497650E-03   0.355057E+02   0.429711E-13   0.461650E-07   0.399376E+03   0.298042E+03
        0.0015740   0.994077E+00   0.509689E-03   0.355773E+02   0.440962E-13   0.461278E-07   0.399376E+03   0.298039E+03
        0.0016218   0.994077E+00   0.522091E-03   0.356437E+02   0.452557E-13   0.460916E-07   0.399376E+03   0.298035E+03
        0.0016711   0.994076E+00   0.534869E-03   0.357049E+02   0.464504E-13   0.460564E-07   0.399376E+03   0.298032E+03
        0.0017219   0.994076E+00   0.548033E-03   0.357610E+02   0.476817E-13   0.460222E-07   0.399376E+03   0.298028E+03
        0.0017742   0.994075E+00   0.561596E-03   0.358123E+02   0.489504E-13   0.459889E-07   0.399376E+03   0.298025E+03
        0.0018281   0.994075E+00   0.575572E-03   0.358546E+02   0.502579E-13   0.459565E-07   0.399376E+03   0.298021E+03
        0.0018836   0.994074E+00   0.589976E-03   0.358777E+02   0.516054E-13   0.459252E-07   0.399376E+03   0.298017E+03
        0.0019409   0.994073E+00   0.604817E-03   0.360132E+02   0.529940E-13   0.458946E-07   0.399376E+03   0.298013E+03
        0.0019999   0.994073E+00   0.620116E-03   0.359985E+02   0.544252E-13   0.458652E-07   0.399376E+03   0.298009E+03
        0.0020606   0.994072E+00   0.635878E-03   0.360104E+02   0.558996E-13   0.458362E-07   0.399376E+03   0.298005E+03
        0.0021232   0.994071E+00   0.652123E-03   0.360756E+02   0.574190E-13   0.458080E-07   0.399376E+03   0.298000E+03
        0.0021878   0.994071E+00   0.668868E-03   0.359959E+02   0.589850E-13   0.457809E-07   0.399376E+03   0.297996E+03
        0.0022542   0.994070E+00   0.686120E-03   0.360772E+02   0.605979E-13   0.457539E-07   0.399376E+03   0.297991E+03
        0.0023227   0.994069E+00   0.703899E-03   0.361757E+02   0.622597E-13   0.457274E-07   0.399376E+03   0.297986E+03
        0.0023933   0.994068E+00   0.722225E-03   0.361667E+02   0.639723E-13   0.457016E-07   0.399376E+03   0.297982E+03
        0.0024660   0.994068E+00   0.741111E-03   0.360861E+02   0.657366E-13   0.456763E-07   0.399376E+03   0.297976E+03
        0.0025410   0.994067E+00   0.760570E-03   0.361304E+02   0.675540E-13   0.456512E-07   0.399376E+03   0.297971E+03
        0.0026182   0.994066E+00   0.780627E-03   0.361394E+02   0.694267E-13   0.456268E-07   0.399376E+03   0.297966E+03
        0.0026977   0.994065E+00   0.801289E-03   0.361464E+02   0.713551E-13   0.456021E-07   0.399376E+03   0.297960E+03
        0.0027797   0.994064E+00   0.822580E-03   0.361520E+02   0.733415E-13   0.455776E-07   0.399376E+03   0.297955E+03
        0.0028642   0.994063E+00   0.844523E-03   0.361568E+02   0.753881E-13   0.455536E-07   0.399376E+03   0.297949E+03
        0.0029512   0.994062E+00   0.867127E-03   0.361601E+02   0.774954E-13   0.455292E-07   0.399376E+03   0.297943E+03
        0.0030409   0.994061E+00   0.890416E-03   0.361626E+02   0.796657E-13   0.455048E-07   0.399376E+03   0.297936E+03
        0.0031333   0.994059E+00   0.914411E-03   0.361644E+02   0.819007E-13   0.454803E-07   0.399376E+03   0.297930E+03
        0.0032285   0.994058E+00   0.939131E-03   0.361656E+02   0.842024E-13   0.454557E-07   0.399376E+03   0.297923E+03
        0.0033266   0.994057E+00   0.964593E-03   0.361660E+02   0.865720E-13   0.454305E-07   0.399376E+03   0.297916E+03
        0.0034277   0.994055E+00   0.990829E-03   0.361664E+02   0.890126E-13   0.454054E-07   0.399376E+03   0.297909E+03
        0.0035318   0.994054E+00   0.101785E-02   0.361662E+02   0.915249E-13   0.453796E-07   0.399376E+03   0.297902E+03
        0.0036392   0.994052E+00   0.104569E-02   0.361658E+02   0.941116E-13   0.453535E-07   0.399375E+03   0.297895E+03
        0.0037497   0.994051E+00   0.107436E-02   0.361654E+02   0.967749E-13   0.453270E-07   0.399375E+03   0.297887E+03
        0.0038637   0.994049E+00   0.110389E-02   0.361648E+02   0.995167E-13   0.453001E-07   0.399375E+03   0.297879E+03
        0.0039811   0.994047E+00   0.113431E-02   0.361643E+02   0.102339E-12   0.452727E-07   0.399375E+03   0.297871E+03
        0.0041020   0.994045E+00   0.116564E-02   0.361635E+02   0.105244E-12   0.452444E-07   0.399375E+03   0.297862E+03
        0.0042267   0.994043E+00   0.119791E-02   0.361628E+02   0.108235E-12   0.452156E-07   0.399375E+03   0.297854E+03
        0.0043551   0.994041E+00   0.123114E-02   0.361619E+02   0.111313E-12   0.451860E-07   0.399375E+03   0.297845E+03
        0.0044875   0.994038E+00   0.126537E-02   0.361612E+02   0.114481E-12   0.451557E-07   0.399375E+03   0.297835E+03
        0.0046238   0.994036E+00   0.130062E-02   0.361605E+02   0.117741E-12   0.451248E-07   0.399375E+03   0.297826E+03
        0.0047643   0.994033E+00   0.133692E-02   0.361600E+02   0.121097E-12   0.450931E-07   0.399375E+03   0.297816E+03
        0.0049091   0.994030E+00   0.137431E-02   0.361594E+02   0.124551E-12   0.450605E-07   0.399375E+03   0.297806E+03
        0.0050582   0.994027E+00   0.141280E-02   0.361586E+02   0.128104E-12   0.450270E-07   0.399375E+03   0.297796E+03
        0.0052119   0.994024E+00   0.145245E-02   0.361581E+02   0.131761E-12   0.449926E-07   0.399375E+03   0.297785E+03
        0.0053703   0.994021E+00   0.149328E-02   0.361576E+02   0.135524E-12   0.449575E-07   0.399375E+03   0.297774E+03
        0.0055335   0.994017E+00   0.153532E-02   0.361571E+02   0.139396E-12   0.449213E-07   0.399375E+03   0.297762E+03
        0.0057016   0.994013E+00   0.157862E-02   0.361565E+02   0.143380E-12   0.448841E-07   0.399374E+03   0.297751E+03
        0.0058749   0.994009E+00   0.162320E-02   0.361561E+02   0.147479E-12   0.448460E-07   0.399374E+03   0.297739E+03
        0.0060534   0.994005E+00   0.166911E-02   0.361556E+02   0.151696E-12   0.448069E-07   0.399374E+03   0.297726E+03
        0.0062373   0.994001E+00   0.171639E-02   0.361553E+02   0.156035E-12   0.447668E-07   0.399374E+03   0.297713E+03
        0.0064269   0.993996E+00   0.176508E-02   0.361549E+02   0.160499E-12   0.447256E-07   0.399374E+03   0.297700E+03
        0.0066222   0.993991E+00   0.181521E-02   0.361544E+02   0.165091E-12   0.446832E-07   0.399374E+03   0.297687E+03
        0.0068234   0.993985E+00   0.186683E-02   0.361541E+02   0.169814E-12   0.446399E-07   0.399374E+03   0.297673E+03
        0.0070307   0.993980E+00   0.191999E-02   0.361536E+02   0.174673E-12   0.445952E-07   0.399374E+03   0.297658E+03
        0.0072444   0.993974E+00   0.197473E-02   0.361532E+02   0.179670E-12   0.445495E-07   0.399373E+03   0.297643E+03
        0.0074645   0.993967E+00   0.203110E-02   0.361528E+02   0.184811E-12   0.445025E-07   0.399373E+03   0.297628E+03
        0.0076913   0.993961E+00   0.208914E-02   0.361523E+02   0.190098E-12   0.444544E-07   0.399373E+03   0.297612E+03
        0.0079250   0.993953E+00   0.214892E-02   0.361521E+02   0.195536E-12   0.444051E-07   0.399373E+03   0.297596E+03
        0.0081658   0.993946E+00   0.221047E-02   0.361516E+02   0.201127E-12   0.443544E-07   0.399373E+03   0.297579E+03
        0.0084140   0.993938E+00   0.227385E-02   0.361511E+02   0.206878E-12   0.443024E-07   0.399372E+03   0.297562E+03
        0.0086696   0.993929E+00   0.233912E-02   0.361508E+02   0.212792E-12   0.442493E-07   0.399372E+03   0.297544E+03
        0.0089331   0.993920E+00   0.240634E-02   0.361503E+02   0.218873E-12   0.441947E-07   0.399372E+03   0.297526E+03
        0.0092045   0.993910E+00   0.247557E-02   0.361500E+02   0.225127E-12   0.441388E-07   0.399372E+03   0.297507E+03
        0.0094842   0.993900E+00   0.254685E-02   0.361495E+02   0.231557E-12   0.440815E-07   0.399371E+03   0.297488E+03
        0.0097724   0.993889E+00   0.262027E-02   0.361491E+02   0.238167E-12   0.440227E-07   0.399371E+03   0.297467E+03
        0.0100693   0.993877E+00   0.269588E-02   0.361486E+02   0.244964E-12   0.439625E-07   0.399371E+03   0.297447E+03
        0.0103753   0.993865E+00   0.277376E-02   0.361483E+02   0.251953E-12   0.439010E-07   0.399370E+03   0.297426E+03
        0.0106905   0.993852E+00   0.285397E-02   0.361479E+02   0.259137E-12   0.438380E-07   0.399370E+03   0.297404E+03
        0.0110154   0.993838E+00   0.293658E-02   0.361475E+02   0.266522E-12   0.437734E-07   0.399370E+03   0.297381E+03
        0.0113501   0.993823E+00   0.302168E-02   0.361470E+02   0.274115E-12   0.437073E-07   0.399369E+03   0.297358E+03
        0.0116950   0.993807E+00   0.310933E-02   0.361466E+02   0.281919E-12   0.436397E-07   0.399369E+03   0.297334E+03
        0.0120504   0.993790E+00   0.319963E-02   0.361462E+02   0.289941E-12   0.435705E-07   0.399368E+03   0.297309E+03
        0.0124165   0.993772E+00   0.329267E-02   0.361459E+02   0.298188E-12   0.434999E-07   0.399368E+03   0.297284E+03
        0.0127938   0.993753E+00   0.338851E-02   0.361454E+02   0.306663E-12   0.434275E-07   0.399367E+03   0.297258E+03
        0.0131826   0.993733E+00   0.348727E-02   0.361451E+02   0.315376E-12   0.433537E-07   0.399367E+03   0.297231E+03
        0.0135831   0.993712E+00   0.358903E-02   0.361447E+02   0.324330E-12   0.432782E-07   0.399366E+03   0.297203E+03
        0.0139959   0.993689E+00   0.369391E-02   0.361444E+02   0.333533E-12   0.432011E-07   0.399366E+03   0.297175E+03
        0.0144212   0.993664E+00   0.380199E-02   0.361440E+02   0.342992E-12   0.431223E-07   0.399365E+03   0.297145E+03
        0.0148594   0.993638E+00   0.391340E-02   0.361437E+02   0.352713E-12   0.430420E-07   0.399364E+03   0.297115E+03
        0.0153109   0.993611E+00   0.402826E-02   0.361434E+02   0.362705E-12   0.429600E-07   0.399364E+03   0.297084E+03
        0.0157761   0.993581E+00   0.414667E-02   0.361430E+02   0.372973E-12   0.428762E-07   0.399363E+03   0.297051E+03
        0.0162555   0.993550E+00   0.426878E-02   0.361427E+02   0.383528E-12   0.427910E-07   0.399362E+03   0.297018E+03
        0.0167494   0.993516E+00   0.439472E-02   0.361425E+02   0.394375E-12   0.427041E-07   0.399361E+03   0.296984E+03
        0.0172584   0.993481E+00   0.452463E-02   0.361422E+02   0.405524E-12   0.426155E-07   0.399360E+03   0.296949E+03
        0.0177828   0.993443E+00   0.465866E-02   0.361421E+02   0.416984E-12   0.425254E-07   0.399359E+03   0.296913E+03
        0.0183231   0.993402E+00   0.479697E-02   0.361418E+02   0.428763E-12   0.424336E-07   0.399358E+03   0.296876E+03
        0.0188799   0.993359E+00   0.493974E-02   0.361417E+02   0.440872E-12   0.423403E-07   0.399357E+03   0.296837E+03
        0.0194536   0.993312E+00   0.508715E-02   0.361416E+02   0.453321E-12   0.422455E-07   0.399356E+03   0.296798E+03
        0.0200447   0.993263E+00   0.523938E-02   0.361415E+02   0.466119E-12   0.421491E-07   0.399354E+03   0.296757E+03
        0.0206538   0.993210E+00   0.539665E-02   0.361414E+02   0.479278E-12   0.420513E-07   0.399353E+03   0.296715E+03
        0.0212814   0.993153E+00   0.555918E-02   0.361414E+02   0.492811E-12   0.419521E-07   0.399351E+03   0.296672E+03
        0.0219280   0.993093E+00   0.572721E-02   0.361415E+02   0.506729E-12   0.418515E-07   0.399350E+03   0.296628E+03
        0.0225944   0.993028E+00   0.590098E-02   0.361415E+02   0.521046E-12   0.417496E-07   0.399348E+03   0.296582E+03
        0.0232809   0.992959E+00   0.608079E-02   0.361417E+02   0.535776E-12   0.416465E-07   0.399346E+03   0.296535E+03
        0.0239883   0.992884E+00   0.626693E-02   0.361419E+02   0.550935E-12   0.415423E-07   0.399344E+03   0.296486E+03
        0.0247172   0.992804E+00   0.645972E-02   0.361420E+02   0.566538E-12   0.414369E-07   0.399342E+03   0.296436E+03
        0.0254683   0.992718E+00   0.665953E-02   0.361423E+02   0.582605E-12   0.413308E-07   0.399340E+03   0.296385E+03
        0.0262422   0.992626E+00   0.686674E-02   0.361427E+02   0.599154E-12   0.412239E-07   0.399337E+03   0.296332E+03
        0.0270396   0.992526E+00   0.708177E-02   0.361430E+02   0.616206E-12   0.411162E-07   0.399334E+03   0.296278E+03
        0.0278612   0.992419E+00   0.730510E-02   0.361434E+02   0.633784E-12   0.410081E-07   0.399332E+03   0.296222E+03
        0.0287078   0.992303E+00   0.753725E-02   0.361440E+02   0.651915E-12   0.408998E-07   0.399329E+03   0.296164E+03
        0.0295801   0.992178E+00   0.777879E-02   0.361445E+02   0.670625E-12   0.407913E-07   0.399325E+03   0.296105E+03
        0.0304789   0.992042E+00   0.803035E-02   0.361451E+02   0.689946E-12   0.406830E-07   0.399322E+03   0.296044E+03
        0.0314051   0.991895E+00   0.829267E-02   0.361238E+02   0.709914E-12   0.405753E-07   0.399318E+03   0.295981E+03
        0.0323594   0.991735E+00   0.856653E-02   0.362917E+02   0.730568E-12   0.404684E-07   0.399314E+03   0.295916E+03
        0.0333426   0.991561E+00   0.885283E-02   0.362407E+02   0.751948E-12   0.403624E-07   0.399309E+03   0.295850E+03
        0.0343558   0.991372E+00   0.915264E-02   0.361175E+02   0.774112E-12   0.402583E-07   0.399305E+03   0.295781E+03
        0.0353997   0.991164E+00   0.946708E-02   0.362853E+02   0.797113E-12   0.401562E-07   0.399299E+03   0.295711E+03
        0.0364754   0.990937E+00   0.979749E-02   0.362573E+02   0.821014E-12   0.400565E-07   0.399294E+03   0.295639E+03
        0.0375837   0.990688E+00   0.101455E-01   0.361508E+02   0.845900E-12   0.399604E-07   0.399288E+03   0.295565E+03
        0.0387258   0.990413E+00   0.105127E-01   0.363417E+02   0.871856E-12   0.398686E-07   0.399281E+03   0.295489E+03
        0.0399025   0.990108E+00   0.109013E-01   0.362102E+02   0.898982E-12   0.397816E-07   0.399274E+03   0.295411E+03
        0.0411150   0.989770E+00   0.113138E-01   0.361987E+02   0.927408E-12   0.397010E-07   0.399266E+03   0.295331E+03
        0.0423643   0.989391E+00   0.117529E-01   0.362729E+02   0.957279E-12   0.396281E-07   0.399257E+03   0.295248E+03
        0.0436516   0.988967E+00   0.122220E-01   0.363404E+02   0.988767E-12   0.395645E-07   0.399247E+03   0.295164E+03
        0.0449780   0.988488E+00   0.127251E-01   0.362428E+02   0.102208E-11   0.395122E-07   0.399237E+03   0.295078E+03
        0.0463447   0.987944E+00   0.132666E-01   0.361888E+02   0.105745E-11   0.394732E-07   0.399225E+03   0.294990E+03
        0.0477529   0.987321E+00   0.138529E-01   0.362345E+02   0.109524E-11   0.394518E-07   0.399212E+03   0.294900E+03
        0.0492040   0.986603E+00   0.144917E-01   0.362425E+02   0.113585E-11   0.394526E-07   0.399198E+03   0.294809E+03
        0.0506991   0.985771E+00   0.151924E-01   0.361946E+02   0.117980E-11   0.394821E-07   0.399181E+03   0.294716E+03
        0.0522396   0.984794E+00   0.159669E-01   0.361980E+02   0.122776E-11   0.395488E-07   0.399163E+03   0.294622E+03
        0.0538270   0.983625E+00   0.168303E-01   0.362326E+02   0.128061E-11   0.396650E-07   0.399143E+03   0.294527E+03
        0.0554626   0.982210E+00   0.178028E-01   0.362253E+02   0.133952E-11   0.398481E-07   0.399119E+03   0.294432E+03
        0.0571479   0.980481E+00   0.189130E-01   0.362028E+02   0.140613E-11   0.401249E-07   0.399092E+03   0.294339E+03
        0.0588844   0.978317E+00   0.202000E-01   0.362038E+02   0.148275E-11   0.405372E-07   0.399061E+03   0.294248E+03
        0.0606736   0.975495E+00   0.217174E-01   0.362278E+02   0.157273E-11   0.411509E-07   0.399025E+03   0.294163E+03
        0.0625173   0.971669E+00   0.235466E-01   0.363072E+02   0.168111E-11   0.420770E-07   0.398981E+03   0.294088E+03
        0.0644169   0.966347E+00   0.258373E-01   0.362127E+02   0.181647E-11   0.435240E-07   0.398930E+03   0.294031E+03
        0.0663743   0.958492E+00   0.288968E-01   0.361696E+02   0.199511E-11   0.459212E-07   0.398868E+03   0.294006E+03
        0.0683912   0.944855E+00   0.336126E-01   0.361516E+02   0.225970E-11   0.504015E-07   0.398791E+03   0.294060E+03
        0.0704693   0.910201E+00   0.444174E-01   0.360462E+02   0.281124E-11   0.620194E-07   0.398699E+03   0.294411E+03
        0.0726106   0.770480E+00   0.893160E-01   0.362120E+02   0.509956E-11   0.123266E-06   0.398613E+03   0.296251E+03
        0.0748170   0.661246E+00   0.163204E+00   0.360687E+02   0.921828E-11   0.232286E-06   0.398576E+03   0.297635E+03
        0.0770903   0.644629E+00   0.233949E+00   0.359715E+02   0.131127E-10   0.288765E-06   0.398562E+03   0.297711E+03
        0.0794328   0.631021E+00   0.296546E+00   0.361243E+02   0.164268E-10   0.330904E-06   0.398545E+03   0.297739E+03
        0.0818465   0.617419E+00   0.354419E+00   0.361126E+02   0.193556E-10   0.363658E-06   0.398526E+03   0.297763E+03
        0.0843335   0.603735E+00   0.410841E+00   0.359298E+02   0.220948E-10   0.390823E-06   0.398512E+03   0.297783E+03
        0.0868960   0.589846E+00   0.468381E+00   0.359187E+02   0.247909E-10   0.415222E-06   0.398494E+03   0.297800E+03
        0.0895365   0.575673E+00   0.528774E+00   0.361540E+02   0.275317E-10   0.438469E-06   0.398478E+03   0.297816E+03
        0.0922571   0.562264E+00   0.591444E+00   0.361319E+02   0.302950E-10   0.459506E-06   0.398461E+03   0.297816E+03
        0.0950605   0.548565E+00   0.655847E+00   0.361322E+02   0.330208E-10   0.479527E-06   0.398444E+03   0.297814E+03
        0.0979490   0.534475E+00   0.722907E+00   0.361222E+02   0.357400E-10   0.498825E-06   0.398421E+03   0.297812E+03
        0.1009253   0.523647E+00   0.791207E+00   0.361103E+02   0.385631E-10   0.512614E-06   0.398392E+03   0.297822E+03
        0.1039920   0.522943E+00   0.843025E+00   0.361160E+02   0.409878E-10   0.507036E-06   0.398379E+03   0.297831E+03
        0.1071519   0.522204E+00   0.884168E+00   0.361151E+02   0.428616E-10   0.497696E-06   0.398353E+03   0.297842E+03
        0.1104079   0.521410E+00   0.920019E+00   0.361198E+02   0.444634E-10   0.487009E-06   0.398328E+03   0.297853E+03
        0.1137627   0.520569E+00   0.952680E+00   0.361228E+02   0.458979E-10   0.475779E-06   0.398309E+03   0.297864E+03
        0.1172195   0.519673E+00   0.983059E+00   0.361266E+02   0.472084E-10   0.464304E-06   0.398278E+03   0.297877E+03
        0.1207814   0.518719E+00   0.101167E+01   0.361346E+02   0.484181E-10   0.452749E-06   0.398253E+03   0.297890E+03
        0.1244515   0.517710E+00   0.103883E+01   0.361408E+02   0.495408E-10   0.441204E-06   0.398231E+03   0.297904E+03
        0.1282331   0.516651E+00   0.106476E+01   0.361479E+02   0.505862E-10   0.429750E-06   0.398197E+03   0.297919E+03
        0.1321296   0.515543E+00   0.108968E+01   0.361561E+02   0.515641E-10   0.418476E-06   0.398170E+03   0.297934E+03
        0.1361445   0.514523E+00   0.111336E+01   0.361650E+02   0.524694E-10   0.407163E-06   0.398144E+03   0.297948E+03
        0.1402814   0.513453E+00   0.113593E+01   0.361746E+02   0.532988E-10   0.396025E-06   0.398115E+03   0.297963E+03
        0.1445440   0.512335E+00   0.115787E+01   0.361855E+02   0.540781E-10   0.385250E-06   0.398086E+03   0.297979E+03
        0.1489361   0.511189E+00   0.117955E+01   0.361948E+02   0.548259E-10   0.374943E-06   0.398059E+03   0.297995E+03
        0.1534617   0.510031E+00   0.120129E+01   0.362040E+02   0.555615E-10   0.365197E-06   0.398038E+03   0.298011E+03
        0.1581248   0.508883E+00   0.122341E+01   0.362106E+02   0.563019E-10   0.356077E-06   0.398008E+03   0.298027E+03
        0.1629296   0.507763E+00   0.124626E+01   0.362188E+02   0.570678E-10   0.347657E-06   0.397991E+03   0.298042E+03
        0.1678804   0.506697E+00   0.127012E+01   0.362253E+02   0.578771E-10   0.339977E-06   0.397972E+03   0.298057E+03
        0.1729816   0.505699E+00   0.129529E+01   0.362301E+02   0.587468E-10   0.333068E-06   0.397953E+03   0.298071E+03
        0.1782379   0.512004E+00   0.164823E+01   0.361664E+02   0.746282E-10   0.233343E-06   0.397888E+03   0.297983E+03
        0.1836538   0.510363E+00   0.170137E+01   0.361005E+02   0.771417E-10   0.237375E-06   0.397865E+03   0.298006E+03
        0.1892344   0.508718E+00   0.169149E+01   0.362262E+02   0.762153E-10   0.229616E-06   0.397829E+03   0.298029E+03
        0.1949845   0.507150E+00   0.168057E+01   0.362489E+02   0.751363E-10   0.220916E-06   0.397793E+03   0.298051E+03
        0.2009093   0.505717E+00   0.167744E+01   0.362609E+02   0.744103E-10   0.213116E-06   0.397764E+03   0.298071E+03
        0.2070141   0.504468E+00   0.168263E+01   0.362785E+02   0.740937E-10   0.206493E-06   0.397736E+03   0.298088E+03
        0.2133045   0.503403E+00   0.169563E+01   0.362659E+02   0.741755E-10   0.201051E-06   0.397719E+03   0.298103E+03
        0.2197860   0.502550E+00   0.171576E+01   0.362372E+02   0.746319E-10   0.196692E-06   0.397712E+03   0.298115E+03
        0.2264644   0.501859E+00   0.174204E+01   0.362629E+02   0.754148E-10   0.193286E-06   0.397684E+03   0.298124E+03
        0.2333458   0.501333E+00   0.177382E+01   0.363267E+02   0.764922E-10   0.190704E-06   0.397737E+03   0.298131E+03
        0.2404363   0.500949E+00   0.180976E+01   0.362483E+02   0.778004E-10   0.188755E-06   0.397691E+03   0.298137E+03
        0.2477422   0.500662E+00   0.184923E+01   0.362241E+02   0.793016E-10   0.187334E-06   0.397667E+03   0.298141E+03
        0.2552701   0.500456E+00   0.189141E+01   0.362851E+02   0.809525E-10   0.186313E-06   0.397667E+03   0.298144E+03
        0.2630268   0.500319E+00   0.193565E+01   0.361999E+02   0.827206E-10   0.185592E-06   0.397654E+03   0.298146E+03
        0.2710192   0.500204E+00   0.198136E+01   0.362089E+02   0.845700E-10   0.185098E-06   0.397664E+03   0.298147E+03
        0.2792544   0.500149E+00   0.202821E+01   0.361926E+02   0.864886E-10   0.184755E-06   0.397656E+03   0.298148E+03
        0.2877398   0.500085E+00   0.207580E+01   0.362012E+02   0.884479E-10   0.184534E-06   0.397661E+03   0.298149E+03
        0.2964831   0.500054E+00   0.212402E+01   0.361970E+02   0.904469E-10   0.184389E-06   0.397657E+03   0.298149E+03
        0.3054921   0.500034E+00   0.217269E+01   0.361944E+02   0.924742E-10   0.184302E-06   0.397657E+03   0.298150E+03
        0.3147748   0.500013E+00   0.222173E+01   0.361960E+02   0.945232E-10   0.184259E-06   0.397662E+03   0.298150E+03
        0.3243396   0.500014E+00   0.227112E+01   0.361890E+02   0.965961E-10   0.184242E-06   0.397660E+03   0.298150E+03
        0.3341950   0.500008E+00   0.232080E+01   0.361900E+02   0.986874E-10   0.184253E-06   0.397654E+03   0.298150E+03
        0.3443499   0.499998E+00   0.237077E+01   0.361933E+02   0.100795E-09   0.184282E-06   0.397660E+03   0.298150E+03
        0.3548134   0.499998E+00   0.242111E+01   0.361923E+02   0.102929E-09   0.184330E-06   0.397656E+03   0.298150E+03
        0.3655948   0.499992E+00   0.247175E+01   0.361952E+02   0.105079E-09   0.184391E-06   0.397657E+03   0.298150E+03
        0.3767038   0.499993E+00   0.252301E+01   0.361844E+02   0.107266E-09   0.184483E-06   0.397718E+03   0.298150E+03
        0.3881504   0.500000E+00   0.257422E+01   0.361930E+02   0.109460E-09   0.184554E-06   0.397623E+03   0.298150E+03
        0.3999447   0.499996E+00   0.262646E+01   0.361878E+02   0.111704E-09   0.184684E-06   0.397720E+03   0.298150E+03
        0.4120975   0.499989E+00   0.267889E+01   0.361850E+02   0.113966E-09   0.184811E-06   0.397712E+03   0.298150E+03
        0.4246196   0.500003E+00   0.273178E+01   0.361892E+02   0.116262E-09   0.184940E-06   0.397668E+03   0.298150E+03
        0.4375221   0.499995E+00   0.278548E+01   0.361882E+02   0.118599E-09   0.185109E-06   0.397697E+03   0.298150E+03
        0.4508167   0.499996E+00   0.283972E+01   0.361886E+02   0.120971E-09   0.185286E-06   0.397689E+03   0.298150E+03
        0.4645153   0.499998E+00   0.289469E+01   0.361899E+02   0.123388E-09   0.185483E-06   0.397691E+03   0.298150E+03
        0.4786301   0.500000E+00   0.295031E+01   0.361888E+02   0.125844E-09   0.185693E-06   0.397657E+03   0.298150E+03
        0.4931738   0.499998E+00   0.300675E+01   0.361865E+02   0.128346E-09   0.185925E-06   0.397633E+03   0.298150E+03
        0.5081594   0.499998E+00   0.306436E+01   0.361911E+02   0.130911E-09   0.186195E-06   0.397691E+03   0.298150E+03
        0.5236004   0.499996E+00   0.312268E+01   0.361914E+02   0.133519E-09   0.186474E-06   0.397690E+03   0.298150E+03
        0.5395106   0.499999E+00   0.318192E+01   0.361906E+02   0.136179E-09   0.186769E-06   0.397664E+03   0.298150E+03
        0.5559043   0.499987E+00   0.324222E+01   0.361947E+02   0.138895E-09   0.187094E-06   0.397654E+03   0.298150E+03
        0.5727960   0.500000E+00   0.330371E+01   0.361903E+02   0.141678E-09   0.187433E-06   0.397651E+03   0.298150E+03
        0.5902011   0.499991E+00   0.336648E+01   0.361932E+02   0.144522E-09   0.187813E-06   0.397689E+03   0.298150E+03
        0.6081350   0.500004E+00   0.343021E+01   0.361938E+02   0.147424E-09   0.188191E-06   0.397633E+03   0.298150E+03
        0.6266139   0.500005E+00   0.349553E+01   0.361916E+02   0.150402E-09   0.188614E-06   0.397663E+03   0.298150E+03
        0.6456542   0.500000E+00   0.356205E+01   0.361945E+02   0.153440E-09   0.189056E-06   0.397649E+03   0.298150E+03
        0.6652732   0.499997E+00   0.363014E+01   0.361932E+02   0.156555E-09   0.189529E-06   0.397665E+03   0.298150E+03
        0.6854882   0.499995E+00   0.369964E+01   0.361926E+02   0.159740E-09   0.190024E-06   0.397655E+03   0.298150E+03
        0.7063176   0.500003E+00   0.377085E+01   0.361921E+02   0.163008E-09   0.190549E-06   0.397661E+03   0.298150E+03
        0.7277798   0.500000E+00   0.384367E+01   0.361932E+02   0.166350E-09   0.191104E-06   0.397662E+03   0.298150E+03
        0.7498942   0.499997E+00   0.391824E+01   0.361946E+02   0.169774E-09   0.191691E-06   0.397666E+03   0.298150E+03
        0.7726806   0.499994E+00   0.399461E+01   0.361959E+02   0.173280E-09   0.192309E-06   0.397665E+03   0.298150E+03
        0.7961594   0.500004E+00   0.407292E+01   0.361929E+02   0.176879E-09   0.192957E-06   0.397655E+03   0.298150E+03
        0.8203515   0.500001E+00   0.415319E+01   0.361940E+02   0.180563E-09   0.193644E-06   0.397659E+03   0.298150E+03
        0.8452788   0.499997E+00   0.423555E+01   0.361914E+02   0.184338E-09   0.194370E-06   0.397670E+03   0.298150E+03
        0.8709636   0.500002E+00   0.432011E+01   0.361932E+02   0.188215E-09   0.195133E-06   0.397683E+03   0.298150E+03
        0.8974288   0.500006E+00   0.440658E+01   0.361918E+02   0.192176E-09   0.195923E-06   0.397628E+03   0.298150E+03
        0.9246982   0.499999E+00   0.449589E+01   0.361935E+02   0.196257E-09   0.196784E-06   0.397685E+03   0.298150E+03
        0.9527962   0.500000E+00   0.458724E+01   0.361927E+02   0.200431E-09   0.197671E-06   0.397659E+03   0.298150E+03
        0.9817479   0.499997E+00   0.468130E+01   0.361937E+02   0.204720E-09   0.198615E-06   0.397673E+03   0.298150E+03
        1.0115795   0.500004E+00   0.477791E+01   0.361929E+02   0.209123E-09   0.199603E-06   0.397665E+03   0.298150E+03
        1.0423174   0.499992E+00   0.487730E+01   0.361954E+02   0.213641E-09   0.200657E-06   0.397680E+03   0.298150E+03
        1.0739894   0.499989E+00   0.497946E+01   0.361959E+02   0.218281E-09   0.201762E-06   0.397674E+03   0.298150E+03
        1.1066238   0.500000E+00   0.508464E+01   0.361953E+02   0.223056E-09   0.202922E-06   0.397655E+03   0.298150E+03
        1.1402498   0.500000E+00   0.519295E+01   0.361948E+02   0.227963E-09   0.204155E-06   0.397656E+03   0.298150E+03
        1.1748976   0.499990E+00   0.530447E+01   0.361974E+02   0.233005E-09   0.205461E-06   0.397665E+03   0.298150E+03
        1.2105981   0.499999E+00   0.541947E+01   0.361951E+02   0.238205E-09   0.206836E-06   0.397663E+03   0.298150E+03
        1.2473835   0.499995E+00   0.553791E+01   0.361961E+02   0.243551E-09   0.208293E-06   0.397654E+03   0.298150E+03
        1.2852867   0.499994E+00   0.566037E+01   0.361941E+02   0.249073E-09   0.209844E-06   0.397690E+03   0.298150E+03
        1.3243415   0.500004E+00   0.578629E+01   0.361971E+02   0.254753E-09   0.211463E-06   0.397646E+03   0.298150E+03
        1.3645831   0.500000E+00   0.591660E+01   0.361953E+02   0.260620E-09   0.213197E-06   0.397654E+03   0.298150E+03
        1.4060475   0.499996E+00   0.605133E+01   0.361951E+02   0.266683E-09   0.215038E-06   0.397675E+03   0.298150E+03
        1.4487719   0.499994E+00   0.619045E+01   0.361971E+02   0.272944E-09   0.216984E-06   0.397663E+03   0.298150E+03
        1.4927944   0.500003E+00   0.633454E+01   0.361932E+02   0.279432E-09   0.219047E-06   0.397660E+03   0.298150E+03
        1.5381546   0.499997E+00   0.648372E+01   0.361954E+02   0.286145E-09   0.221245E-06   0.397665E+03   0.298150E+03
        1.5848932   0.500001E+00   0.663830E+01   0.361948E+02   0.293107E-09   0.223577E-06   0.397651E+03   0.298150E+03
        1.6330519   0.499999E+00   0.679883E+01   0.361946E+02   0.300340E-09   0.226065E-06   0.397659E+03   0.298150E+03
        1.6826741   0.499995E+00   0.696565E+01   0.361949E+02   0.307862E-09   0.228720E-06   0.397682E+03   0.298150E+03
        1.7338040   0.499991E+00   0.713887E+01   0.361962E+02   0.315682E-09   0.231543E-06   0.397675E+03   0.298150E+03
        1.7864876   0.499994E+00   0.731930E+01   0.361961E+02   0.323844E-09   0.234555E-06   0.397671E+03   0.298150E+03
        1.8407720   0.499991E+00   0.750733E+01   0.361977E+02   0.332363E-09   0.237776E-06   0.397667E+03   0.298150E+03
        1.8967059   0.499999E+00   0.770377E+01   0.361930E+02   0.341287E-09   0.241219E-06   0.397662E+03   0.298150E+03
        1.9543395   0.499990E+00   0.790917E+01   0.362033E+02   0.350633E-09   0.244920E-06   0.397679E+03   0.298150E+03
        2.0137242   0.499998E+00   0.812414E+01   0.362039E+02   0.360452E-09   0.248874E-06   0.397661E+03   0.298150E+03
        2.0749135   0.500001E+00   0.834993E+01   0.361926E+02   0.370796E-09   0.253134E-06   0.397666E+03   0.298150E+03
        2.1379621   0.500002E+00   0.858709E+01   0.361921E+02   0.381699E-09   0.257716E-06   0.397654E+03   0.298150E+03
        2.2029265   0.499999E+00   0.883718E+01   0.361924E+02   0.393238E-09   0.262665E-06   0.397668E+03   0.298150E+03
        2.2698649   0.499991E+00   0.910105E+01   0.361949E+02   0.405465E-09   0.268012E-06   0.397666E+03   0.298150E+03
        2.3388372   0.500003E+00   0.938071E+01   0.361909E+02   0.418500E-09   0.273796E-06   0.397658E+03   0.298150E+03
        2.4099054   0.499999E+00   0.967765E+01   0.362025E+02   0.432401E-09   0.280089E-06   0.397675E+03   0.298150E+03
        2.4831331   0.499992E+00   0.999358E+01   0.361637E+02   0.447276E-09   0.286936E-06   0.397669E+03   0.298150E+03
        2.5585859   0.499998E+00   0.103316E+02   0.361908E+02   0.463296E-09   0.294414E-06   0.397673E+03   0.298150E+03
        2.6363314   0.500002E+00   0.106938E+02   0.361806E+02   0.480583E-09   0.302606E-06   0.397667E+03   0.298150E+03
        2.7164393   0.499998E+00   0.110839E+02   0.361898E+02   0.499325E-09   0.311624E-06   0.397677E+03   0.298150E+03
        2.7989813   0.499999E+00   0.115057E+02   0.361886E+02   0.519750E-09   0.321574E-06   0.397671E+03   0.298150E+03
        2.8840315   0.500002E+00   0.119641E+02   0.361860E+02   0.542139E-09   0.332614E-06   0.397672E+03   0.298150E+03
        2.9716660   0.499999E+00   0.124647E+02   0.361857E+02   0.566808E-09   0.344926E-06   0.397675E+03   0.298150E+03
        3.0619634   0.499989E+00   0.130145E+02   0.361891E+02   0.594158E-09   0.358729E-06   0.397672E+03   0.298150E+03
        3.1550046   0.500001E+00   0.136231E+02   0.361827E+02   0.624766E-09   0.374294E-06   0.397670E+03   0.298150E+03
        3.2508730   0.499992E+00   0.143002E+02   0.361843E+02   0.659194E-09   0.391986E-06   0.397672E+03   0.298150E+03
        3.3496544   0.499988E+00   0.150603E+02   0.361836E+02   0.698324E-09   0.412239E-06   0.397670E+03   0.298150E+03
        3.4514374   0.500002E+00   0.159213E+02   0.361741E+02   0.743269E-09   0.435625E-06   0.397672E+03   0.298150E+03
        3.5563132   0.500002E+00   0.169045E+02   0.361704E+02   0.795348E-09   0.462902E-06   0.397671E+03   0.298150E+03
        3.6643757   0.500002E+00   0.180391E+02   0.361659E+02   0.856451E-09   0.495052E-06   0.397673E+03   0.298150E+03
        3.7757219   0.500003E+00   0.193619E+02   0.361598E+02   0.929038E-09   0.533369E-06   0.397673E+03   0.298150E+03
        3.8904514   0.500003E+00   0.209194E+02   0.361529E+02   0.101637E-08   0.579571E-06   0.397672E+03   0.298150E+03
        4.0086672   0.500004E+00   0.227682E+02   0.361444E+02   0.112272E-08   0.635871E-06   0.397673E+03   0.298150E+03
        4.1304750   0.500004E+00   0.249707E+02   0.361345E+02   0.125339E-08   0.704984E-06   0.397673E+03   0.298150E+03
        4.2559841   0.500005E+00   0.275784E+02   0.361240E+02   0.141422E-08   0.789811E-06   0.397673E+03   0.298150E+03
        4.3853070   0.500005E+00   0.305923E+02   0.361152E+02   0.160976E-08   0.892412E-06   0.397673E+03   0.298150E+03
        4.5185594   0.500006E+00   0.338963E+02   0.361119E+02   0.183938E-08   0.101191E-05   0.397672E+03   0.298150E+03
        4.6558609   0.500006E+00   0.372097E+02   0.361184E+02   0.209285E-08   0.114229E-05   0.397672E+03   0.298150E+03
        4.7973345   0.500007E+00   0.401635E+02   0.361345E+02   0.235141E-08   0.127326E-05   0.397671E+03   0.298150E+03
        4.9431069   0.500007E+00   0.425031E+02   0.361546E+02   0.259757E-08   0.139568E-05   0.397670E+03   0.298150E+03
        5.0933087   0.500007E+00   0.442041E+02   0.361723E+02   0.282396E-08   0.150609E-05   0.397670E+03   0.298150E+03
        5.2480746   0.500007E+00   0.453935E+02   0.361851E+02   0.303242E-08   0.160588E-05   0.397669E+03   0.298150E+03
        5.4075432   0.500008E+00   0.462236E+02   0.361935E+02   0.322831E-08   0.169811E-05   0.397668E+03   0.298150E+03
        5.5718575   0.500008E+00   0.468126E+02   0.361990E+02   0.341674E-08   0.178554E-05   0.397667E+03   0.298150E+03
        5.7411646   0.500008E+00   0.472392E+02   0.362027E+02   0.360159E-08   0.187015E-05   0.397666E+03   0.298150E+03
        5.9156163   0.500007E+00   0.475542E+02   0.362052E+02   0.378562E-08   0.195334E-05   0.397664E+03   0.298150E+03
        6.0953690   0.500008E+00   0.477907E+02   0.362069E+02   0.397086E-08   0.203610E-05   0.397663E+03   0.298150E+03
        6.2805836   0.500007E+00   0.479710E+02   0.362081E+02   0.415887E-08   0.211914E-05   0.397662E+03   0.298150E+03
        6.4714262   0.500005E+00   0.481100E+02   0.362099E+02   0.435086E-08   0.220305E-05   0.397660E+03   0.298150E+03
        6.6680677   0.500007E+00   0.482194E+02   0.362099E+02   0.454796E-08   0.228824E-05   0.397659E+03   0.298150E+03
        6.8706844   0.500008E+00   0.483061E+02   0.362096E+02   0.475096E-08   0.237508E-05   0.397658E+03   0.298150E+03
        7.0794578   0.500008E+00   0.483760E+02   0.362101E+02   0.496064E-08   0.246387E-05   0.397656E+03   0.298150E+03
        7.2945751   0.500008E+00   0.484334E+02   0.362104E+02   0.517773E-08   0.255485E-05   0.397654E+03   0.298150E+03
        7.5162289   0.499997E+00   0.484803E+02   0.362148E+02   0.540268E-08   0.264827E-05   0.397653E+03   0.298150E+03
        7.7446180   0.500004E+00   0.485214E+02   0.362120E+02   0.563665E-08   0.274421E-05   0.397651E+03   0.298150E+03
        7.9799469   0.500004E+00   0.485565E+02   0.362122E+02   0.587975E-08   0.284290E-05   0.397649E+03   0.298150E+03
        8.2224265   0.499985E+00   0.485857E+02   0.362174E+02   0.613228E-08   0.294448E-05   0.397647E+03   0.298150E+03
        8.4722741   0.500005E+00   0.486148E+02   0.362122E+02   0.639599E-08   0.304888E-05   0.397645E+03   0.298150E+03
        8.7297137   0.500009E+00   0.486398E+02   0.362105E+02   0.667025E-08   0.315633E-05   0.397643E+03   0.298150E+03
        8.9949758   0.500009E+00   0.486622E+02   0.362107E+02   0.695578E-08   0.326682E-05   0.397641E+03   0.298150E+03
        9.2682982   0.500000E+00   0.486818E+02   0.362242E+02   0.725288E-08   0.338037E-05   0.397638E+03   0.298150E+03
        9.5499259   0.500004E+00   0.487015E+02   0.362125E+02   0.756269E-08   0.349696E-05   0.397636E+03   0.298150E+03
        9.8401111   0.500010E+00   0.487196E+02   0.362105E+02   0.788522E-08   0.361650E-05   0.397633E+03   0.298150E+03
       10.1391139   0.500000E+00   0.487337E+02   0.362168E+02   0.822019E-08   0.373889E-05   0.397631E+03   0.298150E+03
       10.4472022   0.500010E+00   0.487511E+02   0.362105E+02   0.856967E-08   0.386419E-05   0.397628E+03   0.298150E+03
       10.7646521   0.500008E+00   0.487650E+02   0.362110E+02   0.893239E-08   0.399206E-05   0.397625E+03   0.298150E+03
       11.0917482   0.500008E+00   0.487782E+02   0.362112E+02   0.930927E-08   0.412235E-05   0.397622E+03   0.298150E+03
       11.4287833   0.500010E+00   0.487905E+02   0.362106E+02   0.970054E-08   0.425478E-05   0.397619E+03   0.298150E+03
       11.7760597   0.500011E+00   0.488018E+02   0.362100E+02   0.101063E-07   0.438907E-05   0.397615E+03   0.298150E+03
       12.1338885   0.500011E+00   0.488123E+02   0.362099E+02   0.105266E-07   0.452487E-05   0.397612E+03   0.298150E+03
       12.5025903   0.500004E+00   0.488215E+02   0.362124E+02   0.109614E-07   0.466176E-05   0.397608E+03   0.298150E+03
       12.8824955   0.500010E+00   0.488310E+02   0.362105E+02   0.114113E-07   0.479916E-05   0.397604E+03   0.298150E+03
       13.2739446   0.500000E+00   0.488387E+02   0.362142E+02   0.118751E-07   0.493664E-05   0.397599E+03   0.298150E+03
       13.6772883   0.500012E+00   0.488472E+02   0.362100E+02   0.123539E-07   0.507336E-05   0.397595E+03   0.298150E+03
       14.0928880   0.500012E+00   0.488543E+02   0.362100E+02   0.128462E-07   0.520876E-05   0.397590E+03   0.298150E+03
       14.5211162   0.500011E+00   0.488607E+02   0.362102E+02   0.133519E-07   0.534194E-05   0.397585E+03   0.298150E+03
       14.9623566   0.500009E+00   0.488664E+02   0.362110E+02   0.138704E-07   0.547202E-05   0.397580E+03   0.298150E+03
       15.4170045   0.500002E+00   0.488714E+02   0.362130E+02   0.144007E-07   0.559799E-05   0.397574E+03   0.298150E+03
       15.8854675   0.500012E+00   0.488771E+02   0.362100E+02   0.149430E-07   0.571863E-05   0.397568E+03   0.298150E+03
       16.3681652   0.499992E+00   0.488799E+02   0.362159E+02   0.154937E-07   0.583294E-05   0.397562E+03   0.298150E+03
       16.8655303   0.500013E+00   0.488855E+02   0.362096E+02   0.160556E-07   0.593923E-05   0.397555E+03   0.298150E+03
       17.3780083   0.500014E+00   0.488891E+02   0.362095E+02   0.166237E-07   0.603636E-05   0.397547E+03   0.298150E+03
       17.9060585   0.500015E+00   0.488924E+02   0.362093E+02   0.171978E-07   0.612264E-05   0.397539E+03   0.298150E+03
       18.4501542   0.500016E+00   0.488951E+02   0.362089E+02   0.177757E-07   0.619631E-05   0.397531E+03   0.298150E+03
       19.0107828   0.500014E+00   0.488975E+02   0.362099E+02   0.183557E-07   0.625555E-05   0.397521E+03   0.298150E+03
       19.5884467   0.500017E+00   0.488996E+02   0.362090E+02   0.189354E-07   0.629814E-05   0.397511E+03   0.298150E+03
       20.1836636   0.500017E+00   0.489015E+02   0.362093E+02   0.195123E-07   0.632190E-05   0.397500E+03   0.298150E+03
       20.7969669   0.500019E+00   0.489030E+02   0.362087E+02   0.200837E-07   0.632410E-05   0.397488E+03   0.298150E+03
       21.4289060   0.500020E+00   0.489042E+02   0.362090E+02   0.206462E-07   0.630181E-05   0.397475E+03   0.298150E+03
       22.0800473   0.500023E+00   0.489053E+02   0.362083E+02   0.211966E-07   0.625144E-05   0.397460E+03   0.298150E+03
       22.7509743   0.500024E+00   0.489060E+02   0.362081E+02   0.217304E-07   0.616867E-05   0.397443E+03   0.298150E+03
       23.4422882   0.500023E+00   0.489067E+02   0.362084E+02   0.222430E-07   0.604802E-05   0.397425E+03   0.298150E+03
       24.1546083   0.500023E+00   0.489078E+02   0.362079E+02   0.227286E-07   0.588206E-05   0.397405E+03   0.298150E+03
       24.8885732   0.500020E+00   0.489103E+02   0.362055E+02   0.231781E-07   0.566018E-05   0.397385E+03   0.298150E+03
       25.6448404   0.500006E+00   0.489196E+02   0.361993E+02   0.235735E-07   0.536609E-05   0.397373E+03   0.298150E+03
       26.4240876   0.500006E+00   0.489305E+02   0.361989E+02   0.238035E-07   0.498249E-05   0.397367E+03   0.298150E+03
       27.2270131   0.500007E+00   0.489368E+02   0.361981E+02   0.237936E-07   0.456524E-05   0.397361E+03   0.298150E+03
       28.0543364   0.500006E+00   0.489394E+02   0.361979E+02   0.236406E-07   0.416902E-05   0.397355E+03   0.298150E+03
       28.9067988   0.500006E+00   0.489403E+02   0.361970E+02   0.234350E-07   0.381287E-05   0.397350E+03   0.298150E+03
       29.7851643   0.500005E+00   0.489399E+02   0.361972E+02   0.232309E-07   0.349935E-05   0.397344E+03   0.298150E+03
       30.6902199   0.500006E+00   0.489388E+02   0.361964E+02   0.230604E-07   0.322542E-05   0.397339E+03   0.298150E+03
       31.6227766   0.500004E+00   0.489367E+02   0.361966E+02   0.229439E-07   0.298676E-05   0.397334E+03   0.298150E+03
       32.5836701   0.500004E+00   0.489337E+02   0.361967E+02   0.228959E-07   0.277909E-05   0.397329E+03   0.298150E+03
       33.5737614   0.500029E+00   0.489322E+02   0.361876E+02   0.229284E-07   0.259850E-05   0.397324E+03   0.298150E+03
       34.5939378   0.500008E+00   0.489267E+02   0.361942E+02   0.230420E-07   0.244181E-05   0.397320E+03   0.298150E+03
       35.6451133   0.500003E+00   0.489217E+02   0.361958E+02   0.232434E-07   0.230573E-05   0.397315E+03   0.298150E+03
       36.7282300   0.500003E+00   0.489168E+02   0.361952E+02   0.235302E-07   0.218738E-05   0.397311E+03   0.298150E+03
       37.8442585   0.500003E+00   0.489122E+02   0.361948E+02   0.238968E-07   0.208391E-05   0.397306E+03   0.298150E+03
       38.9941987   0.500001E+00   0.489078E+02   0.361937E+02   0.243354E-07   0.199248E-05   0.397302E+03   0.298150E+03
       40.1790811   0.500003E+00   0.489038E+02   0.361946E+02   0.248377E-07   0.191034E-05   0.397298E+03   0.298150E+03
       41.3999675   0.500009E+00   0.489009E+02   0.361936E+02   0.253957E-07   0.183521E-05   0.397294E+03   0.298150E+03
       42.6579519   0.500002E+00   0.488978E+02   0.361945E+02   0.260016E-07   0.176529E-05   0.397290E+03   0.298150E+03
       43.9541615   0.500002E+00   0.488950E+02   0.361953E+02   0.266513E-07   0.169916E-05   0.397286E+03   0.298150E+03
       45.2897580   0.500005E+00   0.488938E+02   0.361928E+02   0.273420E-07   0.163596E-05   0.397282E+03   0.298150E+03
       46.6659380   0.500000E+00   0.488918E+02   0.361940E+02   0.280697E-07   0.157507E-05   0.397278E+03   0.298150E+03
       48.0839348   0.500001E+00   0.488874E+02   0.361949E+02   0.288328E-07   0.151596E-05   0.397274E+03   0.298150E+03
       49.5450191   0.500003E+00   0.488889E+02   0.361926E+02   0.296357E-07   0.145873E-05   0.397270E+03   0.298150E+03
       51.0505000   0.500003E+00   0.488877E+02   0.361924E+02   0.304730E-07   0.140295E-05   0.397266E+03   0.298150E+03
       52.6017266   0.500001E+00   0.488862E+02   0.361919E+02   0.313461E-07   0.134865E-05   0.397262E+03   0.298150E+03
       54.2000890   0.500003E+00   0.488851E+02   0.361931E+02   0.322568E-07   0.129586E-05   0.397258E+03   0.298150E+03
       55.8470195   0.500000E+00   0.488822E+02   0.361925E+02   0.332041E-07   0.124462E-05   0.397255E+03   0.298150E+03
       57.5439937   0.500002E+00   0.488831E+02   0.361919E+02   0.341938E-07   0.119515E-05   0.397251E+03   0.298150E+03
       59.2925325   0.500000E+00   0.488801E+02   0.361921E+02   0.352220E-07   0.114737E-05   0.397248E+03   0.298150E+03
       61.0942025   0.499998E+00   0.488812E+02   0.361931E+02   0.362965E-07   0.110155E-05   0.397244E+03   0.298150E+03
       62.9506183   0.500002E+00   0.488803E+02   0.361915E+02   0.374154E-07   0.105761E-05   0.397241E+03   0.298150E+03
       64.8634434   0.500001E+00   0.488799E+02   0.361911E+02   0.385823E-07   0.101584E-05   0.397238E+03   0.298150E+03
       66.8343918   0.500002E+00   0.488780E+02   0.361916E+02   0.397995E-07   0.976273E-06   0.397235E+03   0.298150E+03
       68.8652296   0.499998E+00   0.488769E+02   0.361914E+02   0.410713E-07   0.939070E-06   0.397232E+03   0.298150E+03
       70.9577768   0.500000E+00   0.488764E+02   0.361914E+02   0.424015E-07   0.904255E-06   0.397229E+03   0.298150E+03
       73.1139083   0.500000E+00   0.488757E+02   0.361910E+02   0.437927E-07   0.871896E-06   0.397226E+03   0.298150E+03
       75.3355564   0.499999E+00   0.488748E+02   0.361906E+02   0.452484E-07   0.842112E-06   0.397224E+03   0.298150E+03
       77.6247117   0.500000E+00   0.488738E+02   0.361912E+02   0.467742E-07   0.814986E-06   0.397222E+03   0.298150E+03
       79.9834255   0.500000E+00   0.488734E+02   0.361906E+02   0.483746E-07   0.790473E-06   0.397219E+03   0.298150E+03
       82.4138115   0.500001E+00   0.488720E+02   0.361898E+02   0.500518E-07   0.768359E-06   0.397217E+03   0.298150E+03
       84.9180475   0.499999E+00   0.488719E+02   0.361909E+02   0.518128E-07   0.748857E-06   0.397215E+03   0.298150E+03
       87.4983775   0.500002E+00   0.488716E+02   0.361898E+02   0.536630E-07   0.731788E-06   0.397214E+03   0.298150E+03
       90.1571138   0.500001E+00   0.488709E+02   0.361900E+02   0.556058E-07   0.717065E-06   0.397212E+03   0.298150E+03
       92.8966387   0.500002E+00   0.488708E+02   0.361894E+02   0.576492E-07   0.704671E-06   0.397211E+03   0.298150E+03
       95.7194071   0.500000E+00   0.488699E+02   0.361900E+02   0.597962E-07   0.694362E-06   0.397209E+03   0.298150E+03
       98.6279486   0.500000E+00   0.488695E+02   0.361902E+02   0.620565E-07   0.686140E-06   0.397208E+03   0.298150E+03
      101.6248693   0.499993E+00   0.488684E+02   0.361919E+02   0.644343E-07   0.679854E-06   0.397207E+03   0.298150E+03
      104.7128548   0.500000E+00   0.488689E+02   0.361901E+02   0.669422E-07   0.675163E-06   0.397205E+03   0.298150E+03
      107.8946722   0.500001E+00   0.488687E+02   0.361895E+02   0.695834E-07   0.672209E-06   0.397204E+03   0.298150E+03
      111.1731727   0.499997E+00   0.488687E+02   0.361906E+02   0.723685E-07   0.670844E-06   0.397203E+03   0.298150E+03
      114.5512941   0.499999E+00   0.488681E+02   0.361901E+02   0.753076E-07   0.670819E-06   0.397202E+03   0.298150E+03
      118.0320636   0.500000E+00   0.488688E+02   0.361896E+02   0.784149E-07   0.672193E-06   0.397201E+03   0.298150E+03
      121.6186001   0.499995E+00   0.488669E+02   0.361912E+02   0.816928E-07   0.674703E-06   0.397200E+03   0.298150E+03
      125.3141175   0.499999E+00   0.488679E+02   0.361900E+02   0.851672E-07   0.678352E-06   0.397199E+03   0.298150E+03
      129.1219274   0.500000E+00   0.488678E+02   0.361894E+02   0.888448E-07   0.683103E-06   0.397198E+03   0.298150E+03
      133.0454418   0.500000E+00   0.488675E+02   0.361895E+02   0.927426E-07   0.688792E-06   0.397197E+03   0.298150E+03
      137.0881766   0.499999E+00   0.488672E+02   0.361900E+02   0.968798E-07   0.695503E-06   0.397197E+03   0.298150E+03
      141.2537545   0.499992E+00   0.488667E+02   0.361922E+02   0.101275E-06   0.703150E-06   0.397196E+03   0.298150E+03
      145.5459081   0.500001E+00   0.488678E+02   0.361892E+02   0.105958E-06   0.711685E-06   0.397195E+03   0.298150E+03
      149.9684836   0.500000E+00   0.488667E+02   0.361891E+02   0.110939E-06   0.721001E-06   0.397194E+03   0.298150E+03
      154.5254440   0.499999E+00   0.488669E+02   0.361899E+02   0.116258E-06   0.731283E-06   0.397193E+03   0.298150E+03
      159.2208727   0.499999E+00   0.488669E+02   0.361896E+02   0.121944E-06   0.742503E-06   0.397192E+03   0.298150E+03
      164.0589773   0.499026E+00   0.488665E+02   0.362951E+02   0.127884E-06   0.755551E-06   0.397190E+03   0.298164E+03
      169.0440932   0.499039E+00   0.488678E+02   0.361904E+02   0.134388E-06   0.767070E-06   0.397189E+03   0.298163E+03
      174.1806873   0.498934E+00   0.488757E+02   0.361906E+02   0.141383E-06   0.780587E-06   0.397188E+03   0.298165E+03
      179.4733627   0.499095E+00   0.488679E+02   0.362217E+02   0.148921E-06   0.794954E-06   0.397187E+03   0.298163E+03
      184.9268619   0.499090E+00   0.488672E+02   0.362581E+02   0.157060E-06   0.811234E-06   0.397186E+03   0.298163E+03
      190.5460718   0.499105E+00   0.488679E+02   0.361933E+02   0.165877E-06   0.828909E-06   0.397185E+03   0.298162E+03
      196.3360277   0.499097E+00   0.488682E+02   0.361923E+02   0.175439E-06   0.848424E-06   0.397184E+03   0.298163E+03
      202.3019179   0.498880E+00   0.488886E+02   0.361475E+02   0.185872E-06   0.870194E-06   0.397183E+03   0.298166E+03
      208.4490883   0.498992E+00   0.488710E+02   0.361915E+02   0.197192E-06   0.892889E-06   0.397181E+03   0.298164E+03
      214.7830474   0.499045E+00   0.488681E+02   0.361914E+02   0.209619E-06   0.918019E-06   0.397180E+03   0.298163E+03
      221.3094710   0.498935E+00   0.488708E+02   0.361925E+02   0.223269E-06   0.946020E-06   0.397179E+03   0.298165E+03
      228.0342072   0.499058E+00   0.488680E+02   0.361951E+02   0.238364E-06   0.976207E-06   0.397177E+03   0.298163E+03
      234.9632821   0.499037E+00   0.488655E+02   0.362419E+02   0.255067E-06   0.101039E-05   0.397176E+03   0.298163E+03
      242.1029047   0.498996E+00   0.488691E+02   0.361904E+02   0.273701E-06   0.104848E-05   0.397175E+03   0.298164E+03
      249.4594727   0.499031E+00   0.488648E+02   0.362786E+02   0.294537E-06   0.109037E-05   0.397173E+03   0.298164E+03
      257.0395783   0.499058E+00   0.488647E+02   0.362611E+02   0.318038E-06   0.113797E-05   0.397172E+03   0.298163E+03
      264.8500139   0.499011E+00   0.488673E+02   0.361901E+02   0.345061E-06   0.118538E-05   0.397170E+03   0.298164E+03
      272.8977783   0.498986E+00   0.488498E+02   0.363797E+02   0.375382E-06   0.124421E-05   0.397168E+03   0.298164E+03
      281.1900830   0.499025E+00   0.488667E+02   0.361942E+02   0.410715E-06   0.131390E-05   0.397166E+03   0.298164E+03
      289.7343588   0.499063E+00   0.488378E+02   0.364489E+02   0.451493E-06   0.139441E-05   0.397165E+03   0.298163E+03
      298.5382619   0.499069E+00   0.488654E+02   0.362015E+02   0.500034E-06   0.149124E-05   0.397163E+03   0.298163E+03
      307.6096815   0.498963E+00   0.488664E+02   0.361921E+02   0.557705E-06   0.160520E-05   0.397161E+03   0.298164E+03
      316.9567463   0.499083E+00   0.488633E+02   0.362100E+02   0.627884E-06   0.174432E-05   0.397159E+03   0.298163E+03
      326.5878322   0.499065E+00   0.488631E+02   0.362081E+02   0.714764E-06   0.191606E-05   0.397157E+03   0.298163E+03
      336.5115694   0.499086E+00   0.488664E+02   0.361895E+02   0.825162E-06   0.213313E-05   0.397155E+03   0.298163E+03
      346.7368505   0.498974E+00   0.488664E+02   0.361895E+02   0.969551E-06   0.241810E-05   0.397153E+03   0.298164E+03
      357.2728382   0.499061E+00   0.488660E+02   0.361899E+02   0.116689E-05   0.280639E-05   0.397151E+03   0.298163E+03
      368.1289736   0.499053E+00   0.488463E+02   0.362343E+02   0.145108E-05   0.336337E-05   0.397149E+03   0.298163E+03
      379.3149850   0.499076E+00   0.488630E+02   0.361935E+02   0.189759E-05   0.423854E-05   0.397146E+03   0.298163E+03
      390.8408958   0.499024E+00   0.488554E+02   0.362009E+02   0.269340E-05   0.579534E-05   0.397144E+03   0.298164E+03
      402.7170343   0.498913E+00   0.488647E+02   0.361904E+02   0.451120E-05   0.935471E-05   0.397142E+03   0.298165E+03
      414.9540426   0.498928E+00   0.488597E+02   0.361937E+02   0.128019E-04   0.255637E-04   0.397139E+03   0.298165E+03
      427.5628862   0.498634E+00   0.483343E+02   0.359291E+02   0.142074E-01   0.276949E-01   0.397138E+03   0.298169E+03
      440.5548635   0.498538E+00   0.483361E+02   0.359792E+02   0.432560E-01   0.850642E-01   0.397141E+03   0.298170E+03
      453.9416167   0.498509E+00   0.483233E+02   0.360315E+02   0.658793E-01   0.130950E+00   0.397144E+03   0.298171E+03
      467.7351413   0.498527E+00   0.483336E+02   0.360570E+02   0.836383E-01   0.167518E+00   0.397146E+03   0.298170E+03
      481.9477976   0.498642E+00   0.483230E+02   0.360914E+02   0.975999E-01   0.196361E+00   0.397148E+03   0.298169E+03
      496.5923215   0.498606E+00   0.483351E+02   0.361035E+02   0.108837E+00   0.219453E+00   0.397150E+03   0.298169E+03
      511.6818355   0.498552E+00   0.483314E+02   0.361234E+02   0.117875E+00   0.237611E+00   0.397152E+03   0.298170E+03
      527.2298614   0.498518E+00   0.483019E+02   0.361594E+02   0.125089E+00   0.251651E+00   0.397153E+03   0.298171E+03
      543.2503315   0.498565E+00   0.483264E+02   0.361509E+02   0.131076E+00   0.262696E+00   0.397155E+03   0.298170E+03
      559.7576015   0.498574E+00   0.483256E+02   0.361598E+02   0.135939E+00   0.271035E+00   0.397156E+03   0.298170E+03
      576.7664634   0.498632E+00   0.483391E+02   0.361556E+02   0.139999E+00   0.277431E+00   0.397157E+03   0.298169E+03
      594.2921586   0.498572E+00   0.483371E+02   0.361625E+02   0.143450E+00   0.282329E+00   0.397159E+03   0.298170E+03
      612.3503917   0.498531E+00   0.483571E+02   0.361513E+02   0.146441E+00   0.286031E+00   0.397160E+03   0.298170E+03
      630.9573445   0.498599E+00   0.483248E+02   0.361789E+02   0.148790E+00   0.288240E+00   0.397161E+03   0.298169E+03
      650.1296903   0.498541E+00   0.483336E+02   0.361748E+02   0.151041E+00   0.290163E+00   0.397162E+03   0.298170E+03
      669.8846094   0.498573E+00   0.483277E+02   0.361811E+02   0.152970E+00   0.291230E+00   0.397164E+03   0.298170E+03
      690.2398038   0.498630E+00   0.483401E+02   0.361728E+02   0.154710E+00   0.291887E+00   0.397165E+03   0.298169E+03
      711.2135137   0.498553E+00   0.483313E+02   0.361812E+02   0.156362E+00   0.292309E+00   0.397166E+03   0.298170E+03
      732.8245331   0.498537E+00   0.483343E+02   0.361799E+02   0.157926E+00   0.292476E+00   0.397167E+03   0.298170E+03
      755.0922277   0.498531E+00   0.483316E+02   0.361828E+02   0.159353E+00   0.292377E+00   0.397168E+03   0.298170E+03
      778.0365510   0.498535E+00   0.483112E+02   0.361992E+02   0.160655E+00   0.291968E+00   0.397169E+03   0.298170E+03
      801.6780634   0.498539E+00   0.483297E+02   0.361855E+02   0.162049E+00   0.291650E+00   0.397171E+03   0.298170E+03
      826.0379496   0.498538E+00   0.483363E+02   0.361809E+02   0.163372E+00   0.291187E+00   0.397172E+03   0.298170E+03
      851.1380382   0.498557E+00   0.483462E+02   0.361736E+02   0.164643E+00   0.290613E+00   0.397173E+03   0.298170E+03
      877.0008211   0.498623E+00   0.483227E+02   0.361918E+02   0.165766E+00   0.289790E+00   0.397175E+03   0.298169E+03
      903.6494737   0.498571E+00   0.483133E+02   0.361997E+02   0.167036E+00   0.289203E+00   0.397176E+03   0.298170E+03
      931.1078755   0.498572E+00   0.483315E+02   0.361860E+02   0.168318E+00   0.288578E+00   0.397177E+03   0.298170E+03
      959.4006315   0.498562E+00   0.483306E+02   0.361871E+02   0.169577E+00   0.288024E+00   0.397178E+03   0.298170E+03
      988.5530947   0.498577E+00   0.483190E+02   0.361962E+02   0.170731E+00   0.287112E+00   0.397180E+03   0.298170E+03
     1018.5913881   0.498576E+00   0.483138E+02   0.362006E+02   0.171959E+00   0.286446E+00   0.397181E+03   0.298170E+03
     1049.5424287   0.498627E+00   0.483382E+02   0.361819E+02   0.173215E+00   0.285771E+00   0.397183E+03   0.298169E+03
     1081.4339513   0.498572E+00   0.483345E+02   0.361853E+02   0.174468E+00   0.285086E+00   0.397184E+03   0.298170E+03
     1114.2945336   0.498552E+00   0.483320E+02   0.361877E+02   0.175730E+00   0.284433E+00   0.397186E+03   0.298170E+03
     1148.1536215   0.498546E+00   0.483297E+02   0.361899E+02   0.176944E+00   0.283750E+00   0.397187E+03   0.298170E+03
     1183.0415557   0.498559E+00   0.483039E+02   0.362100E+02   0.178060E+00   0.282832E+00   0.397189E+03   0.298170E+03
     1218.9895989   0.498554E+00   0.483168E+02   0.362004E+02   0.179338E+00   0.282201E+00   0.397190E+03   0.298170E+03
     1256.0299637   0.498597E+00   0.483145E+02   0.362022E+02   0.180502E+00   0.281306E+00   0.397192E+03   0.298170E+03
     1294.1958414   0.498543E+00   0.483421E+02   0.361816E+02   0.181881E+00   0.280902E+00   0.397193E+03   0.298170E+03
     1333.5214322   0.498528E+00   0.483080E+02   0.362083E+02   0.182985E+00   0.279986E+00   0.397195E+03   0.298170E+03
     1374.0419750   0.498571E+00   0.483169E+02   0.362016E+02   0.184210E+00   0.279292E+00   0.397196E+03   0.298170E+03
     1415.7937800   0.498559E+00   0.483196E+02   0.361999E+02   0.185458E+00   0.278546E+00   0.397198E+03   0.298170E+03
     1458.8142603   0.498692E+00   0.483210E+02   0.361985E+02   0.186513E+00   0.277545E+00   0.397200E+03   0.298168E+03
     1503.1419661   0.498557E+00   0.483165E+02   0.362030E+02   0.187869E+00   0.277136E+00   0.397202E+03   0.298170E+03
     1548.8166189   0.498671E+00   0.483323E+02   0.361906E+02   0.189009E+00   0.276234E+00   0.397203E+03   0.298168E+03
     1595.8791472   0.498560E+00   0.483137E+02   0.362059E+02   0.190282E+00   0.275640E+00   0.397205E+03   0.298170E+03
     1644.3717232   0.498569E+00   0.483443E+02   0.361827E+02   0.191600E+00   0.275157E+00   0.397207E+03   0.298170E+03
     1694.3378004   0.498709E+00   0.483504E+02   0.361776E+02   0.192651E+00   0.274094E+00   0.397209E+03   0.298168E+03
     1745.8221529   0.498549E+00   0.483390E+02   0.361876E+02   0.193982E+00   0.273695E+00   0.397210E+03   0.298170E+03
     1798.8709151   0.498612E+00   0.483426E+02   0.361848E+02   0.195137E+00   0.272830E+00   0.397212E+03   0.298169E+03
     1798.8709151   0.498636E+00   0.483399E+02   0.361818E+02   0.195045E+00   0.272952E+00   0.397212E+03   0.298169E+03
     1798.8709151   0.498636E+00   0.483398E+02   0.361818E+02   0.195045E+00   0.272952E+00   0.397212E+03   0.298169E+03
     1853.5316234   0.498617E+00   0.483328E+02   0.361929E+02   0.196216E+00   0.272297E+00   0.397214E+03   0.298169E+03
     1853.5316234   0.498622E+00   0.483351E+02   0.361876E+02   0.196127E+00   0.272883E+00   0.397214E+03   0.298169E+03
     1909.8532586   0.498831E+00   0.483452E+02   0.361830E+02   0.196680E+00   0.272345E+00   0.397216E+03   0.298166E+03
     1967.8862897   0.498540E+00   0.483541E+02   0.361780E+02   0.198075E+00   0.272161E+00   0.397218E+03   0.298170E+03
     2027.6827195   0.498808E+00   0.483320E+02   0.361937E+02   0.198795E+00   0.270463E+00   0.397220E+03   0.298167E+03
     2089.2961309   0.498760E+00   0.483181E+02   0.362049E+02   0.199919E+00   0.269751E+00   0.397222E+03   0.298167E+03
     2152.7817347   0.498754E+00   0.483456E+02   0.361105E+02   0.201565E+00   0.269745E+00   0.397224E+03   0.298167E+03
     2218.1964198   0.498692E+00   0.483495E+02   0.361820E+02   0.202437E+00   0.268693E+00   0.397226E+03   0.298168E+03
     2285.5988034   0.498673E+00   0.483659E+02   0.361698E+02   0.203690E+00   0.268127E+00   0.397228E+03   0.298168E+03
     2355.0492839   0.498595E+00   0.483718E+02   0.361661E+02   0.204970E+00   0.267630E+00   0.397230E+03   0.298170E+03
     2426.6100951   0.498595E+00   0.483401E+02   0.361909E+02   0.205986E+00   0.266767E+00   0.397232E+03   0.298170E+03
     2500.3453617   0.498561E+00   0.483079E+02   0.362163E+02   0.207037E+00   0.265950E+00   0.397234E+03   0.298170E+03
     2576.3211570   0.498709E+00   0.483130E+02   0.362119E+02   0.208025E+00   0.264981E+00   0.397237E+03   0.298168E+03
     2654.6055620   0.498624E+00   0.483732E+02   0.361665E+02   0.209520E+00   0.264837E+00   0.397239E+03   0.298169E+03
     2735.2687263   0.498809E+00   0.483097E+02   0.362148E+02   0.210159E+00   0.263290E+00   0.397241E+03   0.298167E+03
     2818.3829313   0.498630E+00   0.483236E+02   0.362055E+02   0.211535E+00   0.263251E+00   0.397243E+03   0.298169E+03
     2904.0226545   0.498793E+00   0.483810E+02   0.361609E+02   0.212716E+00   0.262479E+00   0.397245E+03   0.298167E+03
     2992.2646366   0.498662E+00   0.483756E+02   0.361730E+02   0.213892E+00   0.262152E+00   0.397247E+03   0.298169E+03
     3083.1879502   0.498533E+00   0.483130E+02   0.362436E+02   0.214717E+00   0.261149E+00   0.397250E+03   0.298170E+03
     3176.8740706   0.498620E+00   0.483732E+02   0.361691E+02   0.216150E+00   0.260963E+00   0.397252E+03   0.298169E+03
     3273.4069488   0.498766E+00   0.483396E+02   0.361945E+02   0.216891E+00   0.259770E+00   0.397254E+03   0.298167E+03
     3372.8730866   0.498577E+00   0.483703E+02   0.361724E+02   0.218323E+00   0.259770E+00   0.397256E+03   0.298170E+03
     3475.3616144   0.498703E+00   0.483637E+02   0.361778E+02   0.219180E+00   0.258849E+00   0.397259E+03   0.298168E+03
     3580.9643710   0.498571E+00   0.483437E+02   0.361937E+02   0.220303E+00   0.258372E+00   0.397261E+03   0.298170E+03
     3689.7759857   0.498631E+00   0.483638E+02   0.361785E+02   0.221345E+00   0.257785E+00   0.397263E+03   0.298169E+03
     3801.8939632   0.498705E+00   0.483769E+02   0.361683E+02   0.222334E+00   0.257117E+00   0.397266E+03   0.298168E+03
     3917.4187711   0.498817E+00   0.483705E+02   0.361687E+02   0.223214E+00   0.256119E+00   0.397268E+03   0.298166E+03
     4036.4539297   0.498597E+00   0.483097E+02   0.362225E+02   0.224160E+00   0.255745E+00   0.397271E+03   0.298170E+03
     4159.1061049   0.498654E+00   0.483482E+02   0.361920E+02   0.225259E+00   0.255293E+00   0.397273E+03   0.298169E+03
     4285.4852040   0.498721E+00   0.483192E+02   0.362143E+02   0.226011E+00   0.254422E+00   0.397275E+03   0.298168E+03
     4415.7044735   0.498590E+00   0.483520E+02   0.361903E+02   0.227309E+00   0.254256E+00   0.397278E+03   0.298170E+03
     4549.8806015   0.498641E+00   0.483276E+02   0.362092E+02   0.228075E+00   0.253498E+00   0.397280E+03   0.298169E+03
     4688.1338215   0.498703E+00   0.483800E+02   0.361654E+02   0.229214E+00   0.253122E+00   0.397283E+03   0.298168E+03
     4830.5880204   0.498586E+00   0.483498E+02   0.361932E+02   0.230139E+00   0.252568E+00   0.397285E+03   0.298170E+03
     4977.3708498   0.498660E+00   0.483378E+02   0.362025E+02   0.230896E+00   0.251869E+00   0.397288E+03   0.298169E+03
     5128.6138399   0.498732E+00   0.483513E+02   0.361922E+02   0.231780E+00   0.251241E+00   0.397290E+03   0.298168E+03
     5284.4525178   0.498587E+00   0.483314E+02   0.362087E+02   0.232779E+00   0.250850E+00   0.397292E+03   0.298170E+03
     5445.0265284   0.498648E+00   0.483537E+02   0.361917E+02   0.233688E+00   0.250380E+00   0.397295E+03   0.298169E+03
     5610.4797603   0.498730E+00   0.483639E+02   0.361839E+02   0.234504E+00   0.249747E+00   0.397298E+03   0.298168E+03
     5780.9604741   0.498584E+00   0.483219E+02   0.362173E+02   0.235364E+00   0.249255E+00   0.397300E+03   0.298170E+03
     5956.6214353   0.498712E+00   0.483554E+02   0.361914E+02   0.236199E+00   0.248743E+00   0.397303E+03   0.298168E+03
     6137.6200516   0.498571E+00   0.483492E+02   0.361973E+02   0.237215E+00   0.248397E+00   0.397305E+03   0.298170E+03
     6324.1185138   0.498646E+00   0.483598E+02   0.361892E+02   0.237983E+00   0.247912E+00   0.397307E+03   0.298169E+03
     6516.2839406   0.498774E+00   0.483241E+02   0.362164E+02   0.238450E+00   0.246930E+00   0.397310E+03   0.298167E+03
     6714.2885293   0.498633E+00   0.483716E+02   0.361810E+02   0.239688E+00   0.247010E+00   0.397312E+03   0.298169E+03
     6918.3097092   0.498785E+00   0.483243E+02   0.362170E+02   0.240033E+00   0.245953E+00   0.397315E+03   0.298167E+03
     7128.5303013   0.498645E+00   0.483285E+02   0.362148E+02   0.241025E+00   0.245840E+00   0.397317E+03   0.298169E+03
     7345.1386816   0.498813E+00   0.483763E+02   0.361777E+02   0.241819E+00   0.245207E+00   0.397320E+03   0.298167E+03
     7568.3289502   0.498685E+00   0.483667E+02   0.361862E+02   0.242690E+00   0.245086E+00   0.397322E+03   0.298168E+03
     7798.3011052   0.498613E+00   0.483460E+02   0.362029E+02   0.243440E+00   0.244604E+00   0.397325E+03   0.298169E+03
     8035.2612219   0.498771E+00   0.483524E+02   0.361976E+02   0.243974E+00   0.243957E+00   0.397328E+03   0.298167E+03
     8279.4216371   0.498708E+00   0.483943E+02   0.361661E+02   0.245002E+00   0.243889E+00   0.397330E+03   0.298168E+03
     8531.0011402   0.498659E+00   0.483853E+02   0.361737E+02   0.245740E+00   0.243486E+00   0.397332E+03   0.298169E+03
     8790.2251683   0.498621E+00   0.483798E+02   0.361779E+02   0.246473E+00   0.243072E+00   0.397335E+03   0.298169E+03
     9057.3260090   0.498597E+00   0.483224E+02   0.362276E+02   0.246862E+00   0.242344E+00   0.397337E+03   0.298169E+03
     9332.5430080   0.498584E+00   0.483672E+02   0.361892E+02   0.247824E+00   0.242208E+00   0.397340E+03   0.298170E+03
     9616.1227838   0.498584E+00   0.483297E+02   0.362184E+02   0.248289E+00   0.241619E+00   0.397342E+03   0.298170E+03
     9908.3194489   0.498593E+00   0.483757E+02   0.361835E+02   0.249171E+00   0.241464E+00   0.397345E+03   0.298170E+03
    10209.3948371   0.498625E+00   0.483569E+02   0.361981E+02   0.249659E+00   0.240971E+00   0.397347E+03   0.298169E+03
    10519.6187382   0.498663E+00   0.483904E+02   0.361726E+02   0.250405E+00   0.240750E+00   0.397349E+03   0.298169E+03
    10839.2691402   0.498710E+00   0.483467E+02   0.362064E+02   0.250713E+00   0.240118E+00   0.397352E+03   0.298168E+03
    11168.6324778   0.498816E+00   0.483443E+02   0.362060E+02   0.251174E+00   0.239452E+00   0.397354E+03   0.298166E+03
    11508.0038894   0.498660E+00   0.483525E+02   0.362029E+02   0.252019E+00   0.239476E+00   0.397357E+03   0.298169E+03
    11857.6874817   0.498780E+00   0.483456E+02   0.362080E+02   0.252382E+00   0.238891E+00   0.397359E+03   0.298167E+03
    12217.9966016   0.498658E+00   0.483773E+02   0.361846E+02   0.253305E+00   0.238919E+00   0.397361E+03   0.298169E+03
    12589.2541179   0.498873E+00   0.483986E+02   0.361674E+02   0.253684E+00   0.238096E+00   0.397364E+03   0.298166E+03
    12971.7927098   0.498741E+00   0.483865E+02   0.361779E+02   0.254323E+00   0.238224E+00   0.397366E+03   0.298168E+03
    13365.9551655   0.498691E+00   0.483914E+02   0.361700E+02   0.254990E+00   0.238019E+00   0.397368E+03   0.298168E+03
    13772.0946889   0.498661E+00   0.483596E+02   0.361997E+02   0.255365E+00   0.237539E+00   0.397370E+03   0.298169E+03
    14190.5752169   0.498652E+00   0.483233E+02   0.362280E+02   0.255694E+00   0.237055E+00   0.397372E+03   0.298169E+03
    14621.7717446   0.498663E+00   0.483272E+02   0.362253E+02   0.256195E+00   0.236771E+00   0.397375E+03   0.298169E+03
    15066.0706619   0.498689E+00   0.483308E+02   0.362228E+02   0.256660E+00   0.236488E+00   0.397377E+03   0.298168E+03
    15523.8700996   0.498733E+00   0.483525E+02   0.362061E+02   0.257182E+00   0.236281E+00   0.397379E+03   0.298168E+03
    15995.5802861   0.498608E+00   0.483504E+02   0.362088E+02   0.257838E+00   0.236051E+00   0.397381E+03   0.298169E+03
    16481.6239153   0.498690E+00   0.483628E+02   0.361992E+02   0.258227E+00   0.235813E+00   0.397383E+03   0.298168E+03
    16982.4365246   0.498864E+00   0.483428E+02   0.362138E+02   0.258315E+00   0.234967E+00   0.397385E+03   0.298166E+03
    17498.4668862   0.498715E+00   0.483827E+02   0.361862E+02   0.259154E+00   0.235365E+00   0.397387E+03   0.298168E+03
    18030.1774086   0.498667E+00   0.483498E+02   0.362094E+02   0.259494E+00   0.234988E+00   0.397389E+03   0.298169E+03
    18578.0445509   0.498634E+00   0.483836E+02   0.361850E+02   0.260135E+00   0.234916E+00   0.397391E+03   0.298169E+03
    19142.5592502   0.498616E+00   0.483657E+02   0.361988E+02   0.260466E+00   0.234596E+00   0.397393E+03   0.298169E+03
    19724.2273611   0.498618E+00   0.483424E+02   0.362169E+02   0.260718E+00   0.234246E+00   0.397395E+03   0.298169E+03
    20323.5701094   0.498642E+00   0.484024E+02   0.361710E+02   0.261391E+00   0.234314E+00   0.397397E+03   0.298169E+03
    20941.1245585   0.498693E+00   0.483538E+02   0.362085E+02   0.261405E+00   0.233836E+00   0.397398E+03   0.298168E+03
    21577.4440915   0.498770E+00   0.483366E+02   0.362190E+02   0.261540E+00   0.233502E+00   0.397400E+03   0.298167E+03
    22233.0989065   0.498659E+00   0.483628E+02   0.362023E+02   0.262207E+00   0.233474E+00   0.397402E+03   0.298169E+03
    22908.6765277   0.498776E+00   0.483296E+02   0.362276E+02   0.262155E+00   0.233053E+00   0.397404E+03   0.298167E+03
    23604.7823318   0.498711E+00   0.483471E+02   0.362141E+02   0.262690E+00   0.232985E+00   0.397405E+03   0.298168E+03
    24322.0400907   0.498673E+00   0.483477E+02   0.362150E+02   0.263066E+00   0.232813E+00   0.397407E+03   0.298168E+03
    25061.0925303   0.498658E+00   0.483319E+02   0.362271E+02   0.263305E+00   0.232561E+00   0.397408E+03   0.298169E+03
    25822.6019063   0.498666E+00   0.483609E+02   0.362050E+02   0.263745E+00   0.232527E+00   0.397410E+03   0.298169E+03
    26607.2505980   0.498700E+00   0.483684E+02   0.361993E+02   0.264015E+00   0.232386E+00   0.397411E+03   0.298168E+03
    27415.7417193   0.498758E+00   0.483674E+02   0.361995E+02   0.264179E+00   0.232193E+00   0.397413E+03   0.298167E+03
    28248.7997492   0.498638E+00   0.483731E+02   0.361964E+02   0.264668E+00   0.232105E+00   0.397414E+03   0.298169E+03
    29107.1711807   0.498745E+00   0.483527E+02   0.362118E+02   0.264631E+00   0.231821E+00   0.397416E+03   0.298167E+03
    29991.6251899   0.498674E+00   0.483766E+02   0.361943E+02   0.265122E+00   0.231817E+00   0.397417E+03   0.298168E+03
    30902.9543251   0.498628E+00   0.483966E+02   0.361790E+02   0.265536E+00   0.231785E+00   0.397418E+03   0.298169E+03
    31841.9752173   0.498830E+00   0.483378E+02   0.362233E+02   0.265090E+00   0.231164E+00   0.397419E+03   0.298166E+03
    32809.5293113   0.498835E+00   0.483657E+02   0.362021E+02   0.265452E+00   0.231148E+00   0.397420E+03   0.298166E+03
    33806.4836206   0.498635E+00   0.483770E+02   0.361945E+02   0.266048E+00   0.231303E+00   0.397421E+03   0.298169E+03
    34833.7315036   0.498684E+00   0.484062E+02   0.361718E+02   0.266340E+00   0.231328E+00   0.397423E+03   0.298168E+03
    35892.1934645   0.498759E+00   0.483696E+02   0.362000E+02   0.266191E+00   0.231008E+00   0.397424E+03   0.298167E+03
    36982.8179780   0.498655E+00   0.483789E+02   0.361933E+02   0.266586E+00   0.230978E+00   0.397424E+03   0.298169E+03
    38106.5823394   0.498777E+00   0.483695E+02   0.362003E+02   0.266497E+00   0.230790E+00   0.397426E+03   0.298167E+03
    39264.4935400   0.498719E+00   0.483571E+02   0.362103E+02   0.266696E+00   0.230667E+00   0.397426E+03   0.298168E+03
    40457.5891697   0.498685E+00   0.483934E+02   0.361826E+02   0.267102E+00   0.230761E+00   0.397427E+03   0.298168E+03
    41686.9383470   0.498674E+00   0.484066E+02   0.361744E+02   0.267320E+00   0.230728E+00   0.397428E+03   0.298168E+03
    42953.6426765   0.498684E+00   0.483435E+02   0.362213E+02   0.267095E+00   0.230349E+00   0.397429E+03   0.298168E+03
    44258.8372363   0.498717E+00   0.483600E+02   0.362085E+02   0.267271E+00   0.230353E+00   0.397430E+03   0.298168E+03
    45603.6915951   0.498772E+00   0.483585E+02   0.362095E+02   0.267283E+00   0.230250E+00   0.397430E+03   0.298167E+03
    46989.4108605   0.498646E+00   0.483693E+02   0.362018E+02   0.267637E+00   0.230250E+00   0.397431E+03   0.298169E+03
    48417.2367584   0.498739E+00   0.483426E+02   0.362221E+02   0.267475E+00   0.230066E+00   0.397431E+03   0.298168E+03
    49888.4487460   0.498654E+00   0.483679E+02   0.362030E+02   0.267818E+00   0.230120E+00   0.397432E+03   0.298169E+03
    51404.3651582   0.498789E+00   0.483757E+02   0.361966E+02   0.267752E+00   0.230082E+00   0.397433E+03   0.298167E+03
    52966.3443892   0.498737E+00   0.483935E+02   0.361833E+02   0.268044E+00   0.230155E+00   0.397433E+03   0.298168E+03
    54575.7861091   0.498706E+00   0.483729E+02   0.361993E+02   0.268043E+00   0.230004E+00   0.397433E+03   0.298168E+03
    56234.1325190   0.498693E+00   0.483425E+02   0.362227E+02   0.267954E+00   0.229806E+00   0.397434E+03   0.298168E+03
    57942.8696427   0.498696E+00   0.483410E+02   0.362240E+02   0.268007E+00   0.229758E+00   0.397434E+03   0.298168E+03
    59703.5286584   0.498714E+00   0.483690E+02   0.362024E+02   0.268210E+00   0.229864E+00   0.397435E+03   0.298168E+03
    61517.6872710   0.498748E+00   0.483705E+02   0.362013E+02   0.268236E+00   0.229846E+00   0.397435E+03   0.298167E+03
    63386.9711257   0.498804E+00   0.483698E+02   0.362015E+02   0.268163E+00   0.229768E+00   0.397435E+03   0.298167E+03
    65313.0552647   0.498661E+00   0.483930E+02   0.362151E+02   0.268309E+00   0.229661E+00   0.397435E+03   0.298169E+03
    67297.6656284   0.498731E+00   0.483445E+02   0.362214E+02   0.268245E+00   0.229629E+00   0.397436E+03   0.298168E+03
    69342.5806017   0.498631E+00   0.483944E+02   0.361833E+02   0.268644E+00   0.229796E+00   0.397436E+03   0.298169E+03
    71449.6326076   0.498715E+00   0.483335E+02   0.362300E+02   0.268265E+00   0.229520E+00   0.397436E+03   0.298168E+03
    73620.7097495   0.498638E+00   0.483489E+02   0.362184E+02   0.268439E+00   0.229535E+00   0.397436E+03   0.298169E+03
    75857.7575029   0.498744E+00   0.483863E+02   0.361893E+02   0.268598E+00   0.229756E+00   0.397437E+03   0.298167E+03
    78162.7804588   0.498675E+00   0.483388E+02   0.362261E+02   0.268405E+00   0.229470E+00   0.397437E+03   0.298168E+03
    80537.8441199   0.498632E+00   0.483793E+02   0.361951E+02   0.268683E+00   0.229635E+00   0.397437E+03   0.298169E+03
    82985.0767514   0.498758E+00   0.483596E+02   0.362785E+02   0.267985E+00   0.229158E+00   0.397437E+03   0.298167E+03
    85506.6712885   0.498703E+00   0.483516E+02   0.362162E+02   0.268510E+00   0.229510E+00   0.397437E+03   0.298168E+03
    88104.8873008   0.498670E+00   0.483783E+02   0.362001E+02   0.268666E+00   0.229588E+00   0.397437E+03   0.298168E+03
    90782.0530178   0.498651E+00   0.484138E+02   0.362670E+02   0.268192E+00   0.229151E+00   0.397437E+03   0.298169E+03
    93540.5674148   0.498641E+00   0.483768E+02   0.361969E+02   0.268724E+00   0.229586E+00   0.397437E+03   0.298169E+03
    96382.9023624   0.498635E+00   0.483373E+02   0.362275E+02   0.268503E+00   0.229388E+00   0.397437E+03   0.298169E+03
    99311.6048421   0.498632E+00   0.483386E+02   0.362265E+02   0.268514E+00   0.229392E+00   0.397437E+03   0.298169E+03
   102329.2992281   0.498630E+00   0.483771E+02   0.361969E+02   0.268736E+00   0.229578E+00   0.397437E+03   0.298169E+03
   105438.6896391   0.498629E+00   0.483884E+02   0.361881E+02   0.268802E+00   0.229633E+00   0.397437E+03   0.298169E+03
   108642.5623617   0.498629E+00   0.483471E+02   0.362199E+02   0.268566E+00   0.229431E+00   0.397437E+03   0.298169E+03
   111943.7883467   0.498628E+00   0.483437E+02   0.362226E+02   0.268547E+00   0.229414E+00   0.397437E+03   0.298169E+03
   115345.3257821   0.498628E+00   0.484113E+02   0.361705E+02   0.268934E+00   0.229744E+00   0.397437E+03   0.298169E+03
   118850.2227437   0.498628E+00   0.483526E+02   0.362157E+02   0.268598E+00   0.229458E+00   0.397437E+03   0.298169E+03
   122461.6199265   0.498628E+00   0.483924E+02   0.361854E+02   0.268823E+00   0.229650E+00   0.397437E+03   0.298169E+03
   126182.7534591   0.498628E+00   0.483575E+02   0.362119E+02   0.268626E+00   0.229482E+00   0.397437E+03   0.298169E+03
   130016.9578033   0.498628E+00   0.483629E+02   0.362078E+02   0.268657E+00   0.229508E+00   0.397437E+03   0.298169E+03
   133967.6687426   0.498628E+00   0.483710E+02   0.362016E+02   0.268703E+00   0.229547E+00   0.397437E+03   0.298169E+03
   138038.4264603   0.498628E+00   0.483689E+02   0.362032E+02   0.268691E+00   0.229537E+00   0.397437E+03   0.298169E+03
   142232.8787123   0.498628E+00   0.483581E+02   0.362118E+02   0.268627E+00   0.229483E+00   0.397437E+03   0.298169E+03
   146554.7840956   0.498628E+00   0.483473E+02   0.362198E+02   0.268568E+00   0.229432E+00   0.397437E+03   0.298169E+03
   151008.0154164   0.498628E+00   0.483729E+02   0.362000E+02   0.268714E+00   0.229557E+00   0.397437E+03   0.298169E+03
   155596.5631605   0.498628E+00   0.483836E+02   0.361923E+02   0.268772E+00   0.229606E+00   0.397437E+03   0.298169E+03
   160324.5390690   0.498628E+00   0.483797E+02   0.362187E+02   0.268576E+00   0.229438E+00   0.397437E+03   0.298169E+03
   165196.1798229   0.498628E+00   0.483628E+02   0.362078E+02   0.268656E+00   0.229507E+00   0.397437E+03   0.298169E+03
   170215.8508395   0.498628E+00   0.483567E+02   0.362125E+02   0.268622E+00   0.229478E+00   0.397437E+03   0.298169E+03
   175388.0501842   0.498628E+00   0.483713E+02   0.362013E+02   0.268705E+00   0.229549E+00   0.397437E+03   0.298169E+03
   180717.4126011   0.498628E+00   0.483604E+02   0.362097E+02   0.268643E+00   0.229495E+00   0.397437E+03   0.298169E+03
   186208.7136663   0.498628E+00   0.483866E+02   0.361896E+02   0.268792E+00   0.229623E+00   0.397437E+03   0.298169E+03
