        0.0000100      0.1000E+01      0.9424E+00  0.00000000E+00      298.14796      298.15000
        0.0000103      0.1000E+01      0.9424E+00  0.00000000E+00      298.14793      298.15000
        0.0000106      0.1000E+01      0.9424E+00  0.00000000E+00      298.14791      298.15000
        0.0000109      0.1000E+01      0.9424E+00  0.00000000E+00      298.14789      298.15000
        0.0000113      0.1000E+01      0.9424E+00  0.00000000E+00      298.14786      298.15000
        0.0000116      0.1000E+01      0.9424E+00  0.00000000E+00      298.14784      298.15000
        0.0000120      0.1000E+01      0.9424E+00  0.00000000E+00      298.14781      298.15000
        0.0000123      0.1000E+01      0.9424E+00  0.00000000E+00      298.14779      298.15000
        0.0000127      0.1000E+01      0.9424E+00  0.00000000E+00      298.14776      298.15000
        0.0000131      0.1000E+01      0.9424E+00  0.00000000E+00      298.14773      298.15000
        0.0000135      0.1000E+01      0.9424E+00  0.00000000E+00      298.14770      298.15000
        0.0000139      0.1000E+01      0.9424E+00  0.00000000E+00      298.14767      298.15000
        0.0000143      0.1000E+01      0.9424E+00  0.00000000E+00      298.14764      298.15000
        0.0000148      0.1000E+01      0.9424E+00  0.00000000E+00      298.14761      298.15000
        0.0000152      0.1000E+01      0.9424E+00  0.00000000E+00      298.14758      298.15000
        0.0000157      0.1000E+01      0.9424E+00  0.00000000E+00      298.14755      298.15000
        0.0000161      0.1000E+01      0.9424E+00  0.00000000E+00      298.14751      298.15000
        0.0000166      0.1000E+01      0.9424E+00  0.00000000E+00      298.14748      298.15000
        0.0000171      0.1000E+01      0.9424E+00  0.00000000E+00      298.14744      298.15000
        0.0000177      0.1000E+01      0.9424E+00  0.00000000E+00      298.14741      298.15000
        0.0000182      0.1000E+01      0.9424E+00  0.00000000E+00      298.14737      298.15000
        0.0000187      0.1000E+01      0.9424E+00  0.00000000E+00      298.14733      298.15000
        0.0000193      0.1000E+01      0.9424E+00  0.00000000E+00      298.14729      298.15000
        0.0000199      0.1000E+01      0.9424E+00  0.00000000E+00      298.14725      298.15000
        0.0000205      0.1000E+01      0.9424E+00  0.00000000E+00      298.14721      298.15000
        0.0000211      0.1000E+01      0.9424E+00  0.00000000E+00      298.14716      298.15000
        0.0000218      0.1000E+01      0.9424E+00  0.00000000E+00      298.14712      298.15000
        0.0000224      0.1000E+01      0.9424E+00  0.00000000E+00      298.14707      298.15000
        0.0000231      0.1000E+01      0.9424E+00  0.00000000E+00      298.14702      298.15000
        0.0000238      0.1000E+01      0.9424E+00  0.00000000E+00      298.14698      298.15000
        0.0000245      0.1000E+01      0.9424E+00  0.00000000E+00      298.14692      298.15000
        0.0000253      0.1000E+01      0.9424E+00  0.00000000E+00      298.14687      298.15000
        0.0000261      0.1000E+01      0.9424E+00  0.00000000E+00      298.14681      298.15000
        0.0000269      0.1000E+01      0.9424E+00  0.00000000E+00      298.14676      298.15000
        0.0000277      0.1000E+01      0.9424E+00  0.00000000E+00      298.14671      298.15000
        0.0000285      0.1000E+01      0.9424E+00  0.00000000E+00      298.14665      298.15000
        0.0000294      0.1000E+01      0.9424E+00  0.00000000E+00      298.14658      298.15000
        0.0000303      0.1000E+01      0.9424E+00  0.00000000E+00      298.14652      298.15000
        0.0000312      0.1000E+01      0.9424E+00  0.00000000E+00      298.14646      298.15000
        0.0000321      0.1000E+01      0.9424E+00  0.00000000E+00      298.14639      298.15000
        0.0000331      0.1000E+01      0.9424E+00  0.00000000E+00      298.14632      298.15000
        0.0000341      0.1000E+01      0.9424E+00  0.00000000E+00      298.14625      298.15000
        0.0000352      0.1000E+01      0.9424E+00  0.00000000E+00      298.14618      298.15000
        0.0000362      0.1000E+01      0.9424E+00  0.00000000E+00      298.14611      298.15000
        0.0000373      0.1000E+01      0.9424E+00  0.00000000E+00      298.14603      298.15000
        0.0000385      0.1000E+01      0.9424E+00  0.00000000E+00      298.14595      298.15000
        0.0000396      0.1000E+01      0.9424E+00  0.00000000E+00      298.14587      298.15000
        0.0000408      0.1000E+01      0.9424E+00  0.00000000E+00      298.14578      298.15000
        0.0000421      0.1000E+01      0.9424E+00  0.00000000E+00      298.14570      298.15000
        0.0000434      0.1000E+01      0.9424E+00  0.00000000E+00      298.14560      298.15000
        0.0000447      0.1000E+01      0.9424E+00  0.00000000E+00      298.14551      298.15000
        0.0000460      0.1000E+01      0.9424E+00  0.00000000E+00      298.14542      298.15000
        0.0000474      0.1000E+01      0.9424E+00  0.00000000E+00      298.14533      298.15000
        0.0000489      0.1000E+01      0.9424E+00  0.00000000E+00      298.14523      298.15000
        0.0000504      0.1000E+01      0.9424E+00  0.00000000E+00      298.14512      298.15000
        0.0000519      0.1000E+01      0.9424E+00  0.00000000E+00      298.14501      298.15000
        0.0000535      0.1000E+01      0.9424E+00  0.00000000E+00      298.14490      298.15000
        0.0000551      0.1000E+01      0.9424E+00  0.00000000E+00      298.14478      298.15000
        0.0000568      0.1000E+01      0.9424E+00  0.00000000E+00      298.14467      298.15000
        0.0000585      0.1000E+01      0.9424E+00  0.00000000E+00      298.14455      298.15000
        0.0000603      0.1000E+01      0.9424E+00  0.00000000E+00      298.14443      298.15000
        0.0000621      0.1000E+01      0.9424E+00  0.00000000E+00      298.14430      298.15000
        0.0000640      0.1000E+01      0.9424E+00  0.00000000E+00      298.14417      298.15000
        0.0000659      0.1000E+01      0.9424E+00  0.00000000E+00      298.14403      298.15000
        0.0000679      0.1000E+01      0.9424E+00  0.00000000E+00      298.14389      298.15000
        0.0000700      0.1000E+01      0.9424E+00  0.00000000E+00      298.14375      298.15000
        0.0000721      0.1000E+01      0.9424E+00  0.00000000E+00      298.14360      298.15000
        0.0000743      0.1000E+01      0.9424E+00  0.00000000E+00      298.14344      298.15000
        0.0000766      0.1000E+01      0.9424E+00  0.00000000E+00      298.14329      298.15000
        0.0000789      0.1000E+01      0.9424E+00  0.00000000E+00      298.14313      298.15000
        0.0000813      0.1000E+01      0.9424E+00  0.00000000E+00      298.14296      298.15000
        0.0000838      0.1000E+01      0.9424E+00  0.00000000E+00      298.14278      298.15000
        0.0000863      0.1000E+01      0.9424E+00  0.00000000E+00      298.14261      298.15000
        0.0000889      0.1000E+01      0.9424E+00  0.00000000E+00      298.14243      298.15000
        0.0000916      0.1000E+01      0.9424E+00  0.00000000E+00      298.14223      298.15000
        0.0000944      0.1000E+01      0.9424E+00  0.00000000E+00      298.14204      298.15000
        0.0000973      0.1000E+01      0.9424E+00  0.00000000E+00      298.14184      298.15000
        0.0001002      0.1000E+01      0.9424E+00  0.00000000E+00      298.14164      298.15000
        0.0001033      0.1000E+01      0.9424E+00  0.00000000E+00      298.14142      298.15000
        0.0001064      0.1000E+01      0.9424E+00  0.00000000E+00      298.14120      298.15000
        0.0001096      0.1000E+01      0.9424E+00  0.00000000E+00      298.14098      298.15000
        0.0001130      0.1000E+01      0.9424E+00  0.00000000E+00      298.14074      298.15000
        0.0001164      0.1000E+01      0.9424E+00  0.00000000E+00      298.14050      298.15000
        0.0001199      0.1000E+01      0.9424E+00  0.00000000E+00      298.14026      298.15000
        0.0001236      0.1000E+01      0.9424E+00  0.00000000E+00      298.14000      298.15000
        0.0001274      0.1000E+01      0.9424E+00  0.00000000E+00      298.13974      298.15000
        0.0001312      0.1000E+01      0.9424E+00  0.00000000E+00      298.13947      298.15000
        0.0001352      0.1000E+01      0.9424E+00  0.00000000E+00      298.13919      298.15000
        0.0001393      0.1000E+01      0.9424E+00  0.00000000E+00      298.13891      298.15000
        0.0001435      0.1000E+01      0.9424E+00  0.00000000E+00      298.13861      298.15000
        0.0001479      0.1000E+01      0.9424E+00  0.00000000E+00      298.13831      298.15000
        0.0001524      0.1000E+01      0.9424E+00  0.00000000E+00      298.13800      298.15000
        0.0001570      0.1000E+01      0.9424E+00  0.00000000E+00      298.13767      298.15000
        0.0001618      0.1000E+01      0.9424E+00  0.00000000E+00      298.13733      298.15000
        0.0001667      0.1000E+01      0.9424E+00  0.00000000E+00      298.13699      298.15000
        0.0001718      0.1000E+01      0.9424E+00  0.00000000E+00      298.13664      298.15000
        0.0001770      0.1000E+01      0.9424E+00  0.00000000E+00      298.13628      298.15000
        0.0001824      0.1000E+01      0.9424E+00  0.00000000E+00      298.13590      298.15000
        0.0001879      0.1000E+01      0.9424E+00  0.00000000E+00      298.13551      298.15000
        0.0001936      0.1000E+01      0.9424E+00  0.00000000E+00      298.13512      298.15000
        0.0001995      0.1000E+01      0.9424E+00  0.00000000E+00      298.13470      298.15000
        0.0002056      0.1000E+01      0.9424E+00  0.00000000E+00      298.13428      298.15000
        0.0002118      0.1000E+01      0.9424E+00  0.00000000E+00      298.13385      298.15000
        0.0002183      0.1000E+01      0.9424E+00  0.00000000E+00      298.13339      298.15000
        0.0002249      0.1000E+01      0.9424E+00  0.00000000E+00      298.13294      298.15000
        0.0002317      0.1000E+01      0.9424E+00  0.00000000E+00      298.13246      298.15000
        0.0002388      0.1000E+01      0.9424E+00  0.00000000E+00      298.13197      298.15000
        0.0002460      0.1000E+01      0.9424E+00  0.00000000E+00      298.13146      298.15000
        0.0002535      0.1000E+01      0.9424E+00  0.00000000E+00      298.13094      298.15000
        0.0002612      0.1000E+01      0.9424E+00  0.00000000E+00      298.13040      298.15000
        0.0002692      0.1000E+01      0.9424E+00  0.00000000E+00      298.12984      298.15000
        0.0002773      0.1000E+01      0.9424E+00  0.00000000E+00      298.12928      298.15000
        0.0002858      0.1000E+01      0.9424E+00  0.00000000E+00      298.12869      298.15000
        0.0002944      0.1000E+01      0.9424E+00  0.00000000E+00      298.12808      298.15000
        0.0003034      0.1000E+01      0.9424E+00  0.00000000E+00      298.12746      298.15000
        0.0003126      0.1000E+01      0.9424E+00  0.00000000E+00      298.12682      298.15000
        0.0003221      0.1000E+01      0.9424E+00  0.00000000E+00      298.12615      298.15000
        0.0003319      0.1000E+01      0.9424E+00  0.00000000E+00      298.12547      298.15000
        0.0003420      0.1000E+01      0.9424E+00  0.00000000E+00      298.12477      298.15000
        0.0003524      0.1000E+01      0.9424E+00  0.00000000E+00      298.12404      298.15000
        0.0003631      0.1000E+01      0.9424E+00  0.00000000E+00      298.12329      298.15000
        0.0003741      0.1000E+01      0.9424E+00  0.00000000E+00      298.12252      298.15000
        0.0003855      0.1000E+01      0.9424E+00  0.00000000E+00      298.12173      298.15000
        0.0003972      0.1000E+01      0.9424E+00  0.00000000E+00      298.12091      298.15000
        0.0004093      0.1000E+01      0.9424E+00  0.00000000E+00      298.12007      298.15000
        0.0004217      0.1000E+01      0.9424E+00  0.00000000E+00      298.11921      298.15000
        0.0004345      0.1000E+01      0.9424E+00  0.00000000E+00      298.11831      298.15000
        0.0004477      0.1000E+01      0.9424E+00  0.00000000E+00      298.11739      298.15000
        0.0004613      0.1000E+01      0.9424E+00  0.00000000E+00      298.11644      298.15000
        0.0004753      0.1000E+01      0.9424E+00  0.00000000E+00      298.11547      298.15000
        0.0004898      0.1000E+01      0.9424E+00  0.00000000E+00      298.11445      298.15000
        0.0005047      0.1000E+01      0.9424E+00  0.00000000E+00      298.11341      298.15000
        0.0005200      0.1000E+01      0.9424E+00  0.00000000E+00      298.11235      298.15000
        0.0005358      0.1000E+01      0.9424E+00  0.00000000E+00      298.11124      298.15000
        0.0005521      0.1000E+01      0.9424E+00  0.00000000E+00      298.11011      298.15000
        0.0005689      0.1000E+01      0.9424E+00  0.00000000E+00      298.10893      298.15000
        0.0005861      0.1000E+01      0.9424E+00  0.00000000E+00      298.10773      298.15000
        0.0006039      0.1000E+01      0.9424E+00  0.00000000E+00      298.10649      298.15000
        0.0006223      0.1000E+01      0.9424E+00  0.00000000E+00      298.10520      298.15000
        0.0006412      0.1000E+01      0.9424E+00  0.00000000E+00      298.10388      298.15000
        0.0006607      0.1000E+01      0.9424E+00  0.00000000E+00      298.10253      298.15000
        0.0006808      0.1000E+01      0.9424E+00  0.00000000E+00      298.10113      298.15000
        0.0007015      0.1000E+01      0.9424E+00  0.00000000E+00      298.09968      298.15000
        0.0007228      0.1000E+01      0.9424E+00  0.00000000E+00      298.09820      298.15000
        0.0007447      0.1000E+01      0.9424E+00  0.00000000E+00      298.09666      298.15000
        0.0007674      0.1000E+01      0.9424E+00  0.00000000E+00      298.09508      298.15000
        0.0007907      0.1000E+01      0.9424E+00  0.00000000E+00      298.09344      298.15000
        0.0008147      0.1000E+01      0.9424E+00  0.00000000E+00      298.09178      298.15000
        0.0008395      0.1000E+01      0.9424E+00  0.00000000E+00      298.09004      298.15000
        0.0008650      0.1000E+01      0.9424E+00  0.00000000E+00      298.08826      298.15000
        0.0008913      0.1000E+01      0.9424E+00  0.00000000E+00      298.08643      298.15000
        0.0009183      0.1000E+01      0.9424E+00  0.00000000E+00      298.08454      298.15000
        0.0009462      0.1000E+01      0.9424E+00  0.00000000E+00      298.08259      298.15000
        0.0009750      0.1000E+01      0.9424E+00  0.00000000E+00      298.08058      298.15000
        0.0010046      0.1000E+01      0.9424E+00  0.00000000E+00      298.07852      298.15000
        0.0010351      0.1000E+01      0.9424E+00  0.00000000E+00      298.07637      298.15000
        0.0010666      0.1000E+01      0.9424E+00  0.00000000E+00      298.07418      298.15000
        0.0010990      0.1000E+01      0.9424E+00  0.00000000E+00      298.07192      298.15000
        0.0011324      0.1000E+01      0.9424E+00  0.00000000E+00      298.06958      298.15000
        0.0011668      0.1000E+01      0.9424E+00  0.00000000E+00      298.06720      298.15000
        0.0012023      0.1000E+01      0.9424E+00  0.00000000E+00      298.06470      298.15000
        0.0012388      0.1000E+01      0.9424E+00  0.00000000E+00      298.06216      298.15000
        0.0012764      0.1000E+01      0.9424E+00  0.00000000E+00      298.05954      298.15000
        0.0013152      0.1000E+01      0.9424E+00  0.00000000E+00      298.05682      298.15000
        0.0013552      0.1000E+01      0.9424E+00  0.00000000E+00      298.05402      298.15000
        0.0013964      0.1000E+01      0.9424E+00  0.00000000E+00      298.05118      298.15000
        0.0014388      0.1000E+01      0.9424E+00  0.00000000E+00      298.04819      298.15000
        0.0014825      0.1000E+01      0.9424E+00  0.00000000E+00      298.04516      298.15000
        0.0015276      0.1000E+01      0.9424E+00  0.00000000E+00      298.04203      298.15000
        0.0015740      0.1000E+01      0.9424E+00  0.00000000E+00      298.03881      298.15000
        0.0016218      0.1000E+01      0.9424E+00  0.00000000E+00      298.03548      298.15000
        0.0016711      0.1000E+01      0.9424E+00  0.00000000E+00      298.03205      298.15000
        0.0017219      0.1000E+01      0.9424E+00  0.00000000E+00      298.02850      298.15000
        0.0017742      0.1000E+01      0.9424E+00  0.00000000E+00      298.02482      298.15000
        0.0018281      0.1000E+01      0.9424E+00  0.00000000E+00      298.02105      298.15000
        0.0018836      0.1000E+01      0.9424E+00  0.00000000E+00      298.01718      298.15000
        0.0019409      0.1000E+01      0.9424E+00  0.00000000E+00      298.01316      298.15000
        0.0019999      0.1000E+01      0.9424E+00  0.00000000E+00      298.00911      298.15000
        0.0020606      0.1000E+01      0.9424E+00  0.00000000E+00      298.00483      298.15000
        0.0021232      0.1000E+01      0.9424E+00  0.00000000E+00      298.00045      298.15000
        0.0021878      0.1000E+01      0.9424E+00  0.00000000E+00      297.99601      298.15000
        0.0022542      0.1000E+01      0.9424E+00  0.00000000E+00      297.99132      298.15000
        0.0023227      0.1000E+01      0.9424E+00  0.00000000E+00      297.98648      298.15000
        0.0023933      0.1000E+01      0.9424E+00  0.00000000E+00      297.98156      298.15000
        0.0024660      0.1000E+01      0.9424E+00  0.00000000E+00      297.97648      298.15000
        0.0025410      0.1000E+01      0.9424E+00  0.00000000E+00      297.97122      298.15000
        0.0026182      0.1000E+01      0.9424E+00  0.00000000E+00      297.96591      298.15000
        0.0026977      0.1000E+01      0.9424E+00  0.00000000E+00      297.96031      298.15000
        0.0027797      0.1000E+01      0.9424E+00  0.00000000E+00      297.95454      298.15000
        0.0028642      0.1000E+01      0.9424E+00  0.00000000E+00      297.94873      298.15000
        0.0029512      0.1000E+01      0.9424E+00  0.00000000E+00      297.94263      298.15000
        0.0030409      0.1000E+01      0.9424E+00  0.00000000E+00      297.93636      298.15000
        0.0031333      0.1000E+01      0.9424E+00  0.00000000E+00      297.92991      298.15000
        0.0032285      0.1000E+01      0.9424E+00  0.00000000E+00      297.92328      298.15000
        0.0033266      0.1000E+01      0.9424E+00  0.00000000E+00      297.91636      298.15000
        0.0034277      0.1000E+01      0.9424E+00  0.00000000E+00      297.90934      298.15000
        0.0035318      0.1000E+01      0.9424E+00  0.00000000E+00      297.90204      298.15000
        0.0036392      0.1000E+01      0.9424E+00  0.00000000E+00      297.89454      298.15000
        0.0037497      0.1000E+01      0.9424E+00  0.00000000E+00      297.88682      298.15000
        0.0038637      0.1000E+01      0.9424E+00  0.00000000E+00      297.87889      298.15000
        0.0039811      0.1000E+01      0.9424E+00  0.00000000E+00      297.87074      298.15000
        0.0041020      0.1000E+01      0.9424E+00  0.00000000E+00      297.86228      298.15000
        0.0042267      0.1000E+01      0.9424E+00  0.00000000E+00      297.85360      298.15000
        0.0043551      0.1000E+01      0.9424E+00  0.00000000E+00      297.84460      298.15000
        0.0044875      0.1000E+01      0.9424E+00  0.00000000E+00      297.83535      298.15000
        0.0046238      0.1000E+01      0.9424E+00  0.00000000E+00      297.82586      298.15000
        0.0047643      0.1000E+01      0.9424E+00  0.00000000E+00      297.81609      298.15000
        0.0049091      0.1000E+01      0.9424E+00  0.00000000E+00      297.80600      298.15000
        0.0050582      0.1000E+01      0.9424E+00  0.00000000E+00      297.79556      298.15000
        0.0052119      0.1000E+01      0.9424E+00  0.00000000E+00      297.78485      298.15000
        0.0053703      0.1000E+01      0.9424E+00  0.00000000E+00      297.77383      298.15000
        0.0055335      0.1000E+01      0.9424E+00  0.00000000E+00      297.76245      298.15000
        0.0057016      0.1000E+01      0.9424E+00  0.00000000E+00      297.75071      298.15000
        0.0058749      0.1000E+01      0.9424E+00  0.00000000E+00      297.73865      298.15000
        0.0060534      0.1000E+01      0.9424E+00  0.00000000E+00      297.72620      298.15000
        0.0062373      0.1000E+01      0.9424E+00  0.00000000E+00      297.71340      298.15000
        0.0064269      0.1000E+01      0.9424E+00  0.00000000E+00      297.70021      298.15000
        0.0066222      0.1000E+01      0.9424E+00  0.00000000E+00      297.68660      298.15000
        0.0068234      0.1000E+01      0.9424E+00  0.00000000E+00      297.67261      298.15000
        0.0070307      0.1000E+01      0.9424E+00  0.00000000E+00      297.65815      298.15000
        0.0072444      0.1000E+01      0.9424E+00  0.00000000E+00      297.64328      298.15000
        0.0074645      0.1000E+01      0.9424E+00  0.00000000E+00      297.62796      298.15000
        0.0076913      0.1000E+01      0.9424E+00  0.00000000E+00      297.61217      298.15000
        0.0079250      0.1000E+01      0.9424E+00  0.00000000E+00      297.59594      298.15000
        0.0081658      0.1000E+01      0.9424E+00  0.00000000E+00      297.57918      298.15000
        0.0084140      0.1000E+01      0.9424E+00  0.00000000E+00      297.56190      298.15000
        0.0086696      0.1000E+01      0.9424E+00  0.00000000E+00      297.54415      298.15000
        0.0089331      0.1000E+01      0.9424E+00  0.00000000E+00      297.52582      298.15000
        0.0092045      0.1000E+01      0.9424E+00  0.00000000E+00      297.50698      298.15000
        0.0094842      0.1000E+01      0.9424E+00  0.00000000E+00      297.48753      298.15000
        0.0097724      0.1000E+01      0.9424E+00  0.00000000E+00      297.46750      298.15000
        0.0100693      0.1000E+01      0.9424E+00  0.00000000E+00      297.44687      298.15000
        0.0103753      0.1000E+01      0.9424E+00  0.00000000E+00      297.42565      298.15000
        0.0106905      0.1000E+01      0.9424E+00  0.00000000E+00      297.40376      298.15000
        0.0110154      0.1000E+01      0.9424E+00  0.00000000E+00      297.38121      298.15000
        0.0113501      0.1000E+01      0.9424E+00  0.00000000E+00      297.35798      298.15000
        0.0116950      0.1000E+01      0.9424E+00  0.00000000E+00      297.33405      298.15000
        0.0120504      0.1000E+01      0.9424E+00  0.00000000E+00      297.30940      298.15000
        0.0124165      0.1000E+01      0.9424E+00  0.00000000E+00      297.28404      298.15000
        0.0127938      0.1000E+01      0.9424E+00  0.00000000E+00      297.25788      298.15000
        0.0131826      0.1000E+01      0.9424E+00  0.00000000E+00      297.23095      298.15000
        0.0135831      0.1000E+01      0.9424E+00  0.00000000E+00      297.20321      298.15000
        0.0139959      0.1000E+01      0.9424E+00  0.00000000E+00      297.17464      298.15000
        0.0144212      0.1000E+01      0.9424E+00  0.00000000E+00      297.14520      298.15000
        0.0148594      0.1000E+01      0.9424E+00  0.00000000E+00      297.11489      298.15000
        0.0153109      0.1000E+01      0.9424E+00  0.00000000E+00      297.08368      298.15000
        0.0157761      0.1000E+01      0.9424E+00  0.00000000E+00      297.05150      298.15000
        0.0162555      0.1000E+01      0.9424E+00  0.00000000E+00      297.01838      298.15000
        0.0167494      0.1000E+01      0.9424E+00  0.00000000E+00      296.98427      298.15000
        0.0172584      0.1000E+01      0.9424E+00  0.00000000E+00      296.94913      298.15000
        0.0177828      0.1000E+01      0.9424E+00  0.00000000E+00      296.91296      298.15000
        0.0183231      0.1000E+01      0.9424E+00  0.00000000E+00      296.87569      298.15000
        0.0188799      0.1000E+01      0.9424E+00  0.00000000E+00      296.83731      298.15000
        0.0194536      0.1000E+01      0.9424E+00  0.00000000E+00      296.79780      298.15000
        0.0200447      0.1000E+01      0.9424E+00  0.00000000E+00      296.75711      298.15000
        0.0206538      0.1000E+01      0.9424E+00  0.00000000E+00      296.71519      298.15000
        0.0212814      0.1000E+01      0.9424E+00  0.00000000E+00      296.67205      298.15000
        0.0219280      0.1000E+01      0.9424E+00  0.00000000E+00      296.62762      298.15000
        0.0225944      0.1000E+01      0.9424E+00  0.00000000E+00      296.58187      298.15000
        0.0232809      0.1000E+01      0.9424E+00  0.00000000E+00      296.53479      298.15000
        0.0239883      0.1000E+01      0.9424E+00  0.00000000E+00      296.48630      298.15000
        0.0247172      0.1000E+01      0.9424E+00  0.00000000E+00      296.43635      298.15000
        0.0254683      0.1000E+01      0.9424E+00  0.00000000E+00      296.38498      298.15000
        0.0262422      0.1000E+01      0.9424E+00  0.00000000E+00      296.33210      298.15000
        0.0270396      0.1000E+01      0.9424E+00  0.00000000E+00      296.27764      298.15000
        0.0278612      0.1000E+01      0.9424E+00  0.00000000E+00      296.22160      298.15000
        0.0287078      0.1000E+01      0.9424E+00  0.00000000E+00      296.16396      298.15000
        0.0295801      0.1000E+01      0.9424E+00  0.00000000E+00      296.10462      298.15000
        0.0304789      0.1000E+01      0.9424E+00  0.00000000E+00      296.04357      298.15000
        0.0314051      0.1000E+01      0.9424E+00  0.00000000E+00      295.98080      298.15000
        0.0323594      0.1000E+01      0.9424E+00  0.00000000E+00      295.91623      298.15000
        0.0333426      0.1000E+01      0.9424E+00  0.00000000E+00      295.84977      298.15000
        0.0343558      0.1000E+01      0.9424E+00  0.00000000E+00      295.78149      298.15000
        0.0353997      0.1000E+01      0.9424E+00  0.00000000E+00      295.71131      298.15000
        0.0364754      0.1000E+01      0.9424E+00  0.00000000E+00      295.63913      298.15000
        0.0375837      0.1000E+01      0.9424E+00  0.00000000E+00      295.56501      298.15000
        0.0387258      0.1000E+01      0.9424E+00  0.00000000E+00      295.48894      298.15000
        0.0399025      0.1000E+01      0.9424E+00  0.00000000E+00      295.41076      298.15000
        0.0411150      0.1000E+01      0.9424E+00  0.00000000E+00      295.33060      298.15000
        0.0423643      0.1000E+01      0.9424E+00  0.00000000E+00      295.24844      298.15000
        0.0436516      0.1000E+01      0.9424E+00  0.00000000E+00      295.16425      298.15000
        0.0449780      0.1000E+01      0.9424E+00  0.00000000E+00      295.07807      298.15000
        0.0463447      0.1000E+01      0.9424E+00  0.00000000E+00      294.98998      298.15000
        0.0477529      0.1000E+01      0.9424E+00  0.00000000E+00      294.90014      298.15000
        0.0492040      0.1000E+01      0.9424E+00  0.00000000E+00      294.80860      298.15000
        0.0506991      0.1000E+01      0.9424E+00  0.00000000E+00      294.71562      298.15000
        0.0522396      0.1000E+01      0.9424E+00  0.00000000E+00      294.62152      298.15000
        0.0538270      0.1000E+01      0.9424E+00  0.00000000E+00      294.52685      298.15000
        0.0554626      0.1000E+01      0.9424E+00  0.00000000E+00      294.43232      298.15000
        0.0571479      0.1000E+01      0.9424E+00  0.00000000E+00      294.33877      298.15000
        0.0588844      0.1000E+01      0.9424E+00  0.00000000E+00      294.24784      298.15000
        0.0606736      0.1000E+01      0.9424E+00  0.00000000E+00      294.16266      298.15000
        0.0625173      0.1000E+01      0.9424E+00  0.00000000E+00      294.08801      298.15000
        0.0644169      0.1000E+01      0.9424E+00  0.00000000E+00      294.03091      298.15000
        0.0663743      0.1000E+01      0.9424E+00  0.00000000E+00      294.00609      298.15000
        0.0683912      0.1000E+01      0.9424E+00  0.00000000E+00      294.06012      298.15000
        0.0704693      0.1000E+01      0.9424E+00  0.00000000E+00      294.41121      298.15000
        0.0726106      0.1000E+01      0.9424E+00  0.00000000E+00      296.25060      298.15000
        0.0748170      0.1000E+01      0.9424E+00  0.00000000E+00      297.63501      298.15000
        0.0770903      0.1000E+01      0.9424E+00  0.00000000E+00      297.71068      298.15000
        0.0794328      0.1000E+01      0.9424E+00  0.00000000E+00      297.73936      298.15000
        0.0818465      0.1000E+01      0.9424E+00  0.00000000E+00      297.76302      298.15000
        0.0843335      0.1000E+01      0.9424E+00  0.00000000E+00      297.78275      298.15000
        0.0868960      0.1000E+01      0.9424E+00  0.00000000E+00      297.80011      298.15000
        0.0895365      0.1000E+01      0.9424E+00  0.00000000E+00      297.81608      298.15000
        0.0922571      0.1000E+01      0.9424E+00  0.00000000E+00      297.81582      298.15000
        0.0950605      0.1000E+01      0.9424E+00  0.00000000E+00      297.81385      298.15000
        0.0979490      0.1000E+01      0.9424E+00  0.00000000E+00      297.81168      298.15000
        0.1009253      0.1000E+01      0.9424E+00  0.00000000E+00      297.82160      298.15000
        0.1039920      0.1000E+01      0.9424E+00  0.00000000E+00      297.83128      298.15000
        0.1071519      0.1000E+01      0.9424E+00  0.00000000E+00      297.84153      298.15000
        0.1104079      0.1000E+01      0.9424E+00  0.00000000E+00      297.85256      298.15000
        0.1137627      0.1000E+01      0.9424E+00  0.00000000E+00      297.86425      298.15000
        0.1172195      0.1000E+01      0.9424E+00  0.00000000E+00      297.87667      298.15000
        0.1207814      0.1000E+01      0.9424E+00  0.00000000E+00      297.88994      298.15000
        0.1244515      0.1000E+01      0.9424E+00  0.00000000E+00      297.90390      298.15000
        0.1282331      0.1000E+01      0.9424E+00  0.00000000E+00      297.91868      298.15000
        0.1321296      0.1000E+01      0.9424E+00  0.00000000E+00      297.93405      298.15000
        0.1361445      0.1000E+01      0.9424E+00  0.00000000E+00      297.94823      298.15000
        0.1402814      0.1000E+01      0.9424E+00  0.00000000E+00      297.96308      298.15000
        0.1445440      0.1000E+01      0.9424E+00  0.00000000E+00      297.97861      298.15000
        0.1489361      0.1000E+01      0.9424E+00  0.00000000E+00      297.99451      298.15000
        0.1534617      0.1000E+01      0.9424E+00  0.00000000E+00      298.01064      298.15000
        0.1581248      0.1000E+01      0.9424E+00  0.00000000E+00      298.02658      298.15000
        0.1629296      0.1000E+01      0.9424E+00  0.00000000E+00      298.04211      298.15000
        0.1678804      0.1000E+01      0.9424E+00  0.00000000E+00      298.05694      298.15000
        0.1729816      0.1000E+01      0.9424E+00  0.00000000E+00      298.07081      298.15000
        0.1782379      0.1000E+01      0.9424E+00  0.21419921E-14      297.98316      298.15000
        0.1836538      0.1000E+01      0.9424E+00  0.21422484E-14      298.00599      298.15000
        0.1892344      0.1000E+01      0.9424E+00  0.21425423E-14      298.02884      298.15000
        0.1949845      0.1000E+01      0.9424E+00  0.21428605E-14      298.05063      298.15000
        0.2009093      0.1000E+01      0.9424E+00  0.21431971E-14      298.07054      298.15000
        0.2070141      0.1000E+01      0.9424E+00  0.21435475E-14      298.08791      298.15000
        0.2133045      0.1000E+01      0.9424E+00  0.21439071E-14      298.10272      298.15000
        0.2197860      0.1000E+01      0.9424E+00  0.21442736E-14      298.11470      298.15000
        0.2264644      0.1000E+01      0.9424E+00  0.21446475E-14      298.12419      298.15000
        0.2333458      0.1000E+01      0.9424E+00  0.21450278E-14      298.13134      298.15000
        0.2404363      0.1000E+01      0.9424E+00  0.21454161E-14      298.13676      298.15000
        0.2477422      0.1000E+01      0.9424E+00  0.21458128E-14      298.14086      298.15000
        0.2552701      0.1000E+01      0.9424E+00  0.21462197E-14      298.14358      298.15000
        0.2630268      0.1000E+01      0.9424E+00  0.21466366E-14      298.14578      298.15000
        0.2710192      0.1000E+01      0.9424E+00  0.21470658E-14      298.14717      298.15000
        0.2792544      0.1000E+01      0.9424E+00  0.21475089E-14      298.14814      298.15000
        0.2877398      0.1000E+01      0.9424E+00  0.21479744E-14      298.14880      298.15000
        0.2964831      0.1000E+01      0.9424E+00  0.21484545E-14      298.14925      298.15000
        0.3054921      0.1000E+01      0.9424E+00  0.21489488E-14      298.14952      298.15000
        0.3147748      0.1000E+01      0.9424E+00  0.21494588E-14      298.14970      298.15000
        0.3243396      0.1000E+01      0.9424E+00  0.21499862E-14      298.14973      298.15000
        0.3341950      0.1000E+01      0.9424E+00  0.21505299E-14      298.14999      298.15000
        0.3443499      0.1000E+01      0.9424E+00  0.21510907E-14      298.14985      298.15000
        0.3548134      0.1000E+01      0.9424E+00  0.21516692E-14      298.15011      298.15000
        0.3655948      0.1000E+01      0.9424E+00  0.21522655E-14      298.14995      298.15000
        0.3767038      0.1000E+01      0.9424E+00  0.21528807E-14      298.14996      298.15000
        0.3881504      0.1000E+01      0.9424E+00  0.21535152E-14      298.15007      298.15000
        0.3999447      0.1000E+01      0.9424E+00  0.21541692E-14      298.14990      298.15000
        0.4120975      0.1000E+01      0.9424E+00  0.21548426E-14      298.15000      298.15000
        0.4246196      0.1000E+01      0.9424E+00  0.21555389E-14      298.14994      298.15000
        0.4375221      0.1000E+01      0.9424E+00  0.21562556E-14      298.14996      298.15000
        0.4508167      0.1000E+01      0.9424E+00  0.21569947E-14      298.14997      298.15000
        0.4645153      0.1000E+01      0.9424E+00  0.21577568E-14      298.14994      298.15000
        0.4786301      0.1000E+01      0.9424E+00  0.21585422E-14      298.15002      298.15000
        0.4931738      0.1000E+01      0.9424E+00  0.21593383E-14      298.15001      298.15000
        0.5081594      0.1000E+01      0.9424E+00  0.21601876E-14      298.14992      298.15000
        0.5236004      0.1000E+01      0.9424E+00  0.21610486E-14      298.14994      298.15000
        0.5395106      0.1000E+01      0.9424E+00  0.21619363E-14      298.15000      298.15000
        0.5559043      0.1000E+01      0.9424E+00  0.21628517E-14      298.15019      298.15000
        0.5727960      0.1000E+01      0.9424E+00  0.21637923E-14      298.15001      298.15000
        0.5902011      0.1000E+01      0.9424E+00  0.21647678E-14      298.14999      298.15000
        0.6081350      0.1000E+01      0.9424E+00  0.21657713E-14      298.15007      298.15000
        0.6266139      0.1000E+01      0.9424E+00  0.21668059E-14      298.14992      298.15000
        0.6456542      0.1000E+01      0.9424E+00  0.21678724E-14      298.15005      298.15000
        0.6652732      0.1000E+01      0.9424E+00  0.21689717E-14      298.15000      298.15000
        0.6854882      0.1000E+01      0.9424E+00  0.21700959E-14      298.15001      298.15000
        0.7063176      0.1000E+01      0.9424E+00  0.21712758E-14      298.14995      298.15000
        0.7277798      0.1000E+01      0.9424E+00  0.21724817E-14      298.14997      298.15000
        0.7498942      0.1000E+01      0.9424E+00  0.21737252E-14      298.14996      298.15000
        0.7726806      0.1000E+01      0.9424E+00  0.21750075E-14      298.14999      298.15000
        0.7961594      0.1000E+01      0.9424E+00  0.21763305E-14      298.15006      298.15000
        0.8203515      0.1000E+01      0.9424E+00  0.21776949E-14      298.15007      298.15000
        0.8452788      0.1000E+01      0.9424E+00  0.21791000E-14      298.15001      298.15000
        0.8709636      0.1000E+01      0.9424E+00  0.21805535E-14      298.14991      298.15000
        0.8974288      0.1000E+01      0.9424E+00  0.21820499E-14      298.15002      298.15000
        0.9246982      0.1000E+01      0.9424E+00  0.21835948E-14      298.14993      298.15000
        0.9527962      0.1000E+01      0.9424E+00  0.21851879E-14      298.15001      298.15000
        0.9817479      0.1000E+01      0.9424E+00  0.21868312E-14      298.14999      298.15000
        1.0115795      0.1000E+01      0.9424E+00  0.21885271E-14      298.14994      298.15000
        1.0423174      0.1000E+01      0.9424E+00  0.21902750E-14      298.14999      298.15000
        1.0739894      0.1000E+01      0.9424E+00  0.21920755E-14      298.15000      298.15000
        1.1066238      0.1000E+01      0.9424E+00  0.21939436E-14      298.15005      298.15000
        1.1402498      0.1000E+01      0.9424E+00  0.21958655E-14      298.15006      298.15000
        1.1748976      0.1000E+01      0.9424E+00  0.21978428E-14      298.15000      298.15000
        1.2105981      0.1000E+01      0.9424E+00  0.21998951E-14      298.14998      298.15000
        1.2473835      0.1000E+01      0.9424E+00  0.22020076E-14      298.15008      298.15000
        1.2852867      0.1000E+01      0.9424E+00  0.22041866E-14      298.14999      298.15000
        1.3243415      0.1000E+01      0.9424E+00  0.22064367E-14      298.15001      298.15000
        1.3645831      0.1000E+01      0.9424E+00  0.22087605E-14      298.15004      298.15000
        1.4060475      0.1000E+01      0.9424E+00  0.22111576E-14      298.14998      298.15000
        1.4487719      0.1000E+01      0.9424E+00  0.22136336E-14      298.15009      298.15000
        1.4927944      0.1000E+01      0.9424E+00  0.22161885E-14      298.15001      298.15000
        1.5381546      0.1000E+01      0.9424E+00  0.22188265E-14      298.14999      298.15000
        1.5848932      0.1000E+01      0.9424E+00  0.22215519E-14      298.15003      298.15000
        1.6330519      0.1000E+01      0.9424E+00  0.22243652E-14      298.15002      298.15000
        1.6826741      0.1000E+01      0.9424E+00  0.22272698E-14      298.14997      298.15000
        1.7338040      0.1000E+01      0.9424E+00  0.22302673E-14      298.14999      298.15000
        1.7864876      0.1000E+01      0.9424E+00  0.22333677E-14      298.14999      298.15000
        1.8407720      0.1000E+01      0.9424E+00  0.22365656E-14      298.14999      298.15000
        1.8967059      0.1000E+01      0.9424E+00  0.22398741E-14      298.14999      298.15000
        1.9543395      0.1000E+01      0.9424E+00  0.22432878E-14      298.14998      298.15000
        2.0137242      0.1000E+01      0.9424E+00  0.22468155E-14      298.14999      298.15000
        2.0749135      0.1000E+01      0.9424E+00  0.22504658E-14      298.14999      298.15000
        2.1379621      0.1000E+01      0.9424E+00  0.22542330E-14      298.15003      298.15000
        2.2029265      0.1000E+01      0.9424E+00  0.22581246E-14      298.14998      298.15000
        2.2698649      0.1000E+01      0.9424E+00  0.22621411E-14      298.14998      298.15000
        2.3388372      0.1000E+01      0.9424E+00  0.22663055E-14      298.14999      298.15000
        2.4099054      0.1000E+01      0.9424E+00  0.22706024E-14      298.14998      298.15000
        2.4831331      0.1000E+01      0.9424E+00  0.22750396E-14      298.14998      298.15000
        2.5585859      0.1000E+01      0.9424E+00  0.22796360E-14      298.14998      298.15000
        2.6363314      0.1000E+01      0.9424E+00  0.22843844E-14      298.15000      298.15000
        2.7164393      0.1000E+01      0.9424E+00  0.22892928E-14      298.14996      298.15000
        2.7989813      0.1000E+01      0.9424E+00  0.22943685E-14      298.14997      298.15000
        2.8840315      0.1000E+01      0.9424E+00  0.22996183E-14      298.14996      298.15000
        2.9716660      0.1000E+01      0.9424E+00  0.23050466E-14      298.14996      298.15000
        3.0619634      0.1000E+01      0.9424E+00  0.23106587E-14      298.14996      298.15000
        3.1550046      0.1000E+01      0.9424E+00  0.23164713E-14      298.15002      298.15000
        3.2508730      0.1000E+01      0.9424E+00  0.23224774E-14      298.14996      298.15000
        3.3496544      0.1000E+01      0.9424E+00  0.23286934E-14      298.14996      298.15000
        3.4514374      0.1000E+01      0.9424E+00  0.23351329E-14      298.14996      298.15000
        3.5563132      0.1000E+01      0.9424E+00  0.23417920E-14      298.14996      298.15000
        3.6643757      0.1000E+01      0.9424E+00  0.23486854E-14      298.14997      298.15000
        3.7757219      0.1000E+01      0.9424E+00  0.23558210E-14      298.14996      298.15000
        3.8904514      0.1000E+01      0.9424E+00  0.23632093E-14      298.14995      298.15000
        4.0086672      0.1000E+01      0.9424E+00  0.23708606E-14      298.14995      298.15000
        4.1304750      0.1000E+01      0.9424E+00  0.23787861E-14      298.14994      298.15000
        4.2559841      0.1000E+01      0.9424E+00  0.23869972E-14      298.14994      298.15000
        4.3853070      0.1000E+01      0.9424E+00  0.23955066E-14      298.14993      298.15000
        4.5185594      0.1000E+01      0.9424E+00  0.24043276E-14      298.14992      298.15000
        4.6558609      0.1000E+01      0.9424E+00  0.24134746E-14      298.14992      298.15000
        4.7973345      0.1000E+01      0.9424E+00  0.24229624E-14      298.14991      298.15000
        4.9431069      0.1000E+01      0.9424E+00  0.24328065E-14      298.14990      298.15000
        5.0933087      0.1000E+01      0.9424E+00  0.24430226E-14      298.14990      298.15000
        5.2480746      0.1000E+01      0.9424E+00  0.24536272E-14      298.14990      298.15000
        5.4075432      0.1000E+01      0.9424E+00  0.24646368E-14      298.14990      298.15000
        5.5718575      0.1000E+01      0.9424E+00  0.24760692E-14      298.14989      298.15000
        5.7411646      0.1000E+01      0.9424E+00  0.24879424E-14      298.14989      298.15000
        5.9156163      0.1000E+01      0.9424E+00  0.25002755E-14      298.14990      298.15000
        6.0953690      0.1000E+01      0.9424E+00  0.25130863E-14      298.14989      298.15000
        6.2805836      0.1000E+01      0.9424E+00  0.25263975E-14      298.14989      298.15000
        6.4714262      0.1000E+01      0.9424E+00  0.25402265E-14      298.14988      298.15000
        6.6680677      0.1000E+01      0.9424E+00  0.25546061E-14      298.14991      298.15000
        6.8706844      0.1000E+01      0.9424E+00  0.25695479E-14      298.14988      298.15000
        7.0794578      0.1000E+01      0.9424E+00  0.25850803E-14      298.14988      298.15000
        7.2945751      0.1000E+01      0.9424E+00  0.26012308E-14      298.14988      298.15000
        7.5162289      0.1000E+01      0.9424E+00  0.26180123E-14      298.14988      298.15000
        7.7446180      0.1000E+01      0.9424E+00  0.26354896E-14      298.14988      298.15000
        7.9799469      0.1000E+01      0.9424E+00  0.26536647E-14      298.14987      298.15000
        8.2224265      0.1000E+01      0.9424E+00  0.26725449E-14      298.14987      298.15000
        8.4722741      0.1000E+01      0.9424E+00  0.26922620E-14      298.14987      298.15000
        8.7297137      0.1000E+01      0.9424E+00  0.27127626E-14      298.14987      298.15000
        8.9949758      0.1000E+01      0.9424E+00  0.27341057E-14      298.14987      298.15000
        9.2682982      0.1000E+01      0.9424E+00  0.27563175E-14      298.14987      298.15000
        9.5499259      0.1000E+01      0.9424E+00  0.27795046E-14      298.14986      298.15000
        9.8401111      0.1000E+01      0.9424E+00  0.28036718E-14      298.14987      298.15000
       10.1391139      0.1000E+01      0.9424E+00  0.28288107E-14      298.14986      298.15000
       10.4472022      0.1000E+01      0.9424E+00  0.28551535E-14      298.14987      298.15000
       10.7646521      0.1000E+01      0.9423E+00  0.28825918E-14      298.14985      298.15000
       11.0917482      0.1000E+01      0.9423E+00  0.29112501E-14      298.14989      298.15000
       11.4287833      0.1000E+01      0.9423E+00  0.29411932E-14      298.14988      298.15000
       11.7760597      0.1000E+01      0.9423E+00  0.29724994E-14      298.14984      298.15000
       12.1338885      0.1000E+01      0.9423E+00  0.30052494E-14      298.14984      298.15000
       12.5025903      0.1000E+01      0.9423E+00  0.30395148E-14      298.14984      298.15000
       12.8824955      0.1000E+01      0.9423E+00  0.30754403E-14      298.14984      298.15000
       13.2739446      0.1000E+01      0.9423E+00  0.31130666E-14      298.14984      298.15000
       13.6772883      0.1000E+01      0.9423E+00  0.31526071E-14      298.14983      298.15000
       14.0928880      0.1000E+01      0.9423E+00  0.31940984E-14      298.14984      298.15000
       14.5211162      0.1000E+01      0.9423E+00  0.32377135E-14      298.14982      298.15000
       14.9623566      0.1000E+01      0.9423E+00  0.32835949E-14      298.14982      298.15000
       15.4170045      0.1000E+01      0.9423E+00  0.33319262E-14      298.14982      298.15000
       15.8854675      0.1000E+01      0.9423E+00  0.33830006E-14      298.14985      298.15000
       16.3681652      0.1000E+01      0.9423E+00  0.34367367E-14      298.14981      298.15000
       16.8655303      0.1000E+01      0.9423E+00  0.34939266E-14      298.14980      298.15000
       17.3780083      0.1000E+01      0.9423E+00  0.35543991E-14      298.14979      298.15000
       17.9060585      0.1000E+01      0.9423E+00  0.36186150E-14      298.14981      298.15000
       18.4501542      0.1000E+01      0.9423E+00  0.36869598E-14      298.14976      298.15000
       19.0107828      0.1000E+01      0.9423E+00  0.37598788E-14      298.14980      298.15000
       19.5884467      0.1000E+01      0.9423E+00  0.38378833E-14      298.14974      298.15000
       20.1836636      0.1000E+01      0.9423E+00  0.39215767E-14      298.14977      298.15000
       20.7969669      0.1000E+01      0.9423E+00  0.40116507E-14      298.14973      298.15000
       21.4289060      0.1000E+01      0.9423E+00  0.41088657E-14      298.14972      298.15000
       22.0800473      0.1000E+01      0.9423E+00  0.42140945E-14      298.14971      298.15000
       22.7509743      0.1000E+01      0.9423E+00  0.43281083E-14      298.14967      298.15000
       23.4422882      0.1000E+01      0.9423E+00  0.44507204E-14      298.14967      298.15000
       24.1546083      0.1000E+01      0.9422E+00  0.45792612E-14      298.14968      298.15000
       24.8885732      0.1000E+01      0.9422E+00  0.47030429E-14      298.14973      298.15000
       25.6448404      0.1000E+01      0.9422E+00  0.47785710E-14      298.14991      298.15000
       26.4240876      0.1000E+01      0.9422E+00  0.48173821E-14      298.14992      298.15000
       27.2270131      0.1000E+01      0.9422E+00  0.48541285E-14      298.14993      298.15000
       28.0543364      0.1000E+01      0.9422E+00  0.48892237E-14      298.14993      298.15000
       28.9067988      0.1000E+01      0.9422E+00  0.49228575E-14      298.14990      298.15000
       29.7851643      0.1000E+01      0.9422E+00  0.49551405E-14      298.14994      298.15000
       30.6902199      0.9999E+00      0.9422E+00  0.49861351E-14      298.14994      298.15000
       31.6227766      0.9999E+00      0.9422E+00  0.50158564E-14      298.14995      298.15000
       32.5836701      0.9999E+00      0.9422E+00  0.50444573E-14      298.14994      298.15000
       33.5737614      0.9999E+00      0.9422E+00  0.50718733E-14      298.14995      298.15000
       34.5939378      0.9999E+00      0.9422E+00  0.50982484E-14      298.15000      298.15000
       35.6451133      0.9999E+00      0.9422E+00  0.51236254E-14      298.14996      298.15000
       36.7282300      0.9999E+00      0.9422E+00  0.51481099E-14      298.14995      298.15000
       37.8442585      0.9999E+00      0.9421E+00  0.51718523E-14      298.14997      298.15000
       38.9941987      0.9999E+00      0.9421E+00  0.51950389E-14      298.14997      298.15000
       40.1790811      0.9999E+00      0.9421E+00  0.52175360E-14      298.14997      298.15000
       41.3999675      0.9999E+00      0.9421E+00  0.52398214E-14      298.14989      298.15000
       42.6579519      0.9999E+00      0.9421E+00  0.52615623E-14      298.14998      298.15000
       43.9541615      0.9999E+00      0.9421E+00  0.52831109E-14      298.14996      298.15000
       45.2897580      0.9999E+00      0.9421E+00  0.53043070E-14      298.14997      298.15000
       46.6659380      0.9999E+00      0.9421E+00  0.53253122E-14      298.14999      298.15000
       48.0839348      0.9999E+00      0.9421E+00  0.53460437E-14      298.15001      298.15000
       49.5450191      0.9999E+00      0.9421E+00  0.53661965E-14      298.14997      298.15000
       51.0505000      0.9999E+00      0.9420E+00  0.53861453E-14      298.14998      298.15000
       52.6017266      0.9999E+00      0.9420E+00  0.54057157E-14      298.14999      298.15000
       54.2000890      0.9999E+00      0.9420E+00  0.54248306E-14      298.14995      298.15000
       55.8470195      0.9999E+00      0.9420E+00  0.54434956E-14      298.15000      298.15000
       57.5439937      0.9999E+00      0.9420E+00  0.54615102E-14      298.14997      298.15000
       59.2925325      0.9999E+00      0.9420E+00  0.54790709E-14      298.15001      298.15000
       61.0942025      0.9999E+00      0.9420E+00  0.54958400E-14      298.14999      298.15000
       62.9506183      0.9999E+00      0.9420E+00  0.55120995E-14      298.14999      298.15000
       64.8634434      0.9999E+00      0.9419E+00  0.55275961E-14      298.14996      298.15000
       66.8343918      0.9999E+00      0.9419E+00  0.55423992E-14      298.14999      298.15000
       68.8652296      0.9999E+00      0.9419E+00  0.55564620E-14      298.15000      298.15000
       70.9577768      0.9999E+00      0.9419E+00  0.55697592E-14      298.14998      298.15000
       73.1139083      0.9999E+00      0.9419E+00  0.55823113E-14      298.14999      298.15000
       75.3355564      0.9999E+00      0.9419E+00  0.55941227E-14      298.15000      298.15000
       77.6247117      0.9999E+00      0.9418E+00  0.56050824E-14      298.14999      298.15000
       79.9834255      0.9999E+00      0.9418E+00  0.56153414E-14      298.14999      298.15000
       82.4138115      0.9999E+00      0.9418E+00  0.56250773E-14      298.15001      298.15000
       84.9180475      0.9999E+00      0.9418E+00  0.56337689E-14      298.14998      298.15000
       87.4983775      0.9999E+00      0.9418E+00  0.56419755E-14      298.14999      298.15000
       90.1571138      0.9999E+00      0.9418E+00  0.56495726E-14      298.14998      298.15000
       92.8966387      0.9999E+00      0.9417E+00  0.56566073E-14      298.14999      298.15000
       95.7194071      0.9998E+00      0.9417E+00  0.56631068E-14      298.15000      298.15000
       98.6279486      0.9998E+00      0.9417E+00  0.56691431E-14      298.15002      298.15000
      101.6248693      0.9998E+00      0.9417E+00  0.56747836E-14      298.15000      298.15000
      104.7128548      0.9998E+00      0.9416E+00  0.56800381E-14      298.14998      298.15000
      107.8946722      0.9998E+00      0.9416E+00  0.56849828E-14      298.14999      298.15000
      111.1731727      0.9998E+00      0.9416E+00  0.56897146E-14      298.15000      298.15000
      114.5512941      0.9998E+00      0.9416E+00  0.56940691E-14      298.15000      298.15000
      118.0320636      0.9998E+00      0.9415E+00  0.56983228E-14      298.14999      298.15000
      121.6186001      0.9998E+00      0.9415E+00  0.57024280E-14      298.15000      298.15000
      125.3141175      0.9998E+00      0.9415E+00  0.57063832E-14      298.15001      298.15000
      129.1219274      0.9998E+00      0.9415E+00  0.57102788E-14      298.15000      298.15000
      133.0454418      0.9998E+00      0.9414E+00  0.57141210E-14      298.15000      298.15000
      137.0881766      0.9998E+00      0.9414E+00  0.57179270E-14      298.15000      298.15000
      141.2537545      0.9998E+00      0.9414E+00  0.57217250E-14      298.15000      298.15000
      145.5459081      0.9998E+00      0.9413E+00  0.57255506E-14      298.14999      298.15000
      149.9684836      0.9998E+00      0.9413E+00  0.57294541E-14      298.14998      298.15000
      154.5254440      0.9998E+00      0.9413E+00  0.57333449E-14      298.14999      298.15000
      159.2208727      0.9997E+00      0.9412E+00  0.57373215E-14      298.14999      298.15000
      164.0589773      0.9997E+00      0.9412E+00  0.57419366E-14      298.16358      298.15000
      169.0440932      0.9997E+00      0.9412E+00  0.57463836E-14      298.16337      298.15000
      174.1806873      0.9997E+00      0.9411E+00  0.57508051E-14      298.16483      298.15000
      179.4733627      0.9997E+00      0.9411E+00  0.57553205E-14      298.16260      298.15000
      184.9268619      0.9997E+00      0.9410E+00  0.57598498E-14      298.16266      298.15000
      190.5460718      0.9997E+00      0.9410E+00  0.57644822E-14      298.16245      298.15000
      196.3360277      0.9997E+00      0.9410E+00  0.57691953E-14      298.16255      298.15000
      202.3019179      0.9997E+00      0.9409E+00  0.57740979E-14      298.16568      298.15000
      208.4490883      0.9997E+00      0.9409E+00  0.57790750E-14      298.16402      298.15000
      214.7830474      0.9997E+00      0.9408E+00  0.57842216E-14      298.16328      298.15000
      221.3094710      0.9996E+00      0.9408E+00  0.57894882E-14      298.16482      298.15000
      228.0342072      0.9996E+00      0.9407E+00  0.57949272E-14      298.16310      298.15000
      234.9632821      0.9996E+00      0.9407E+00  0.58004691E-14      298.16333      298.15000
      242.1029047      0.9996E+00      0.9406E+00  0.58061598E-14      298.16396      298.15000
      249.4594727      0.9996E+00      0.9406E+00  0.58120742E-14      298.16352      298.15000
      257.0395783      0.9996E+00      0.9405E+00  0.58181027E-14      298.16307      298.15000
      264.8500139      0.9996E+00      0.9405E+00  0.58260720E-14      298.16376      298.15000
      272.8977783      0.9996E+00      0.9404E+00  0.58326124E-14      298.16434      298.15000
      281.1900830      0.9995E+00      0.9403E+00  0.58392320E-14      298.16357      298.15000
      289.7343588      0.9995E+00      0.9403E+00  0.58460284E-14      298.16323      298.15000
      298.5382619      0.9995E+00      0.9402E+00  0.58530085E-14      298.16295      298.15000
      307.6096815      0.9995E+00      0.9401E+00  0.58601933E-14      298.16443      298.15000
      316.9567463      0.9995E+00      0.9401E+00  0.58675420E-14      298.16274      298.15000
      326.5878322      0.9995E+00      0.9400E+00  0.58750227E-14      298.16303      298.15000
      336.5115694      0.9994E+00      0.9399E+00  0.58828488E-14      298.16271      298.15000
      346.7368505      0.9994E+00      0.9398E+00  0.58908359E-14      298.16427      298.15000
      357.2728382      0.9994E+00      0.9398E+00  0.58988873E-14      298.16306      298.15000
      368.1289736      0.9994E+00      0.9397E+00  0.59072925E-14      298.16325      298.15000
      379.3149850      0.9993E+00      0.9396E+00  0.59161173E-14      298.16285      298.15000
      390.8408958      0.9993E+00      0.9395E+00  0.59248136E-14      298.16357      298.15000
      402.7170343      0.9993E+00      0.9394E+00  0.59338838E-14      298.16513      298.15000
      414.9540426      0.9993E+00      0.9393E+00  0.59430881E-14      298.16492      298.15000
      427.5628862      0.9983E+00      0.9392E+00  0.59524901E-14      298.16900      298.15000
      440.5548635      0.9550E+00      0.9390E+00  0.59583221E-14      298.17033      298.15000
      453.9416167      0.7977E+00      0.9388E+00  0.59615643E-14      298.17073      298.15000
      467.7351413      0.5632E+00      0.9385E+00  0.59632950E-14      298.17048      298.15000
      481.9477976      0.3491E+00      0.9383E+00  0.59639116E-14      298.16888      298.15000
      496.5923215      0.2072E+00      0.9380E+00  0.59635389E-14      298.16939      298.15000
      511.6818355      0.1290E+00      0.9377E+00  0.59624110E-14      298.17013      298.15000
      527.2298614      0.8682E-01      0.9374E+00  0.59606971E-14      298.17061      298.15000
      543.2503315      0.6119E-01      0.9371E+00  0.59584896E-14      298.16995      298.15000
      559.7576015      0.4342E-01      0.9367E+00  0.59558278E-14      298.16984      298.15000
      576.7664634      0.3036E-01      0.9364E+00  0.59527899E-14      298.16902      298.15000
      594.2921586      0.2078E-01      0.9360E+00  0.59494676E-14      298.16986      298.15000
      612.3503917      0.1390E-01      0.9356E+00  0.59458246E-14      298.17044      298.15000
      630.9573445      0.9095E-02      0.9352E+00  0.59419790E-14      298.16948      298.15000
      650.1296903      0.5829E-02      0.9348E+00  0.59379370E-14      298.17030      298.15000
      669.8846094      0.3663E-02      0.9344E+00  0.59337089E-14      298.16985      298.15000
      690.2398038      0.2258E-02      0.9339E+00  0.59293077E-14      298.16906      298.15000
      711.2135137      0.1366E-02      0.9335E+00  0.59247986E-14      298.17012      298.15000
      732.8245331      0.8110E-03      0.9330E+00  0.59201097E-14      298.17035      298.15000
      755.0922277      0.4728E-03      0.9325E+00  0.59152852E-14      298.17043      298.15000
      778.0365510      0.2706E-03      0.9320E+00  0.59103336E-14      298.17038      298.15000
      801.6780634      0.1520E-03      0.9315E+00  0.59052559E-14      298.17032      298.15000
      826.0379496      0.8380E-04      0.9310E+00  0.59000615E-14      298.17033      298.15000
      851.1380382      0.4531E-04      0.9304E+00  0.58947010E-14      298.17007      298.15000
      877.0008211      0.2403E-04      0.9299E+00  0.58892815E-14      298.16915      298.15000
      903.6494737      0.1248E-04      0.9293E+00  0.58837466E-14      298.16988      298.15000
      931.1078755      0.6354E-05      0.9287E+00  0.58780961E-14      298.16986      298.15000
      959.4006315      0.3166E-05      0.9281E+00  0.58722862E-14      298.16999      298.15000
      988.5530947      0.1543E-05      0.9275E+00  0.58664087E-14      298.16979      298.15000
     1018.5913881      0.7356E-06      0.9268E+00  0.58603695E-14      298.16980      298.15000
     1049.5424287      0.3426E-06      0.9262E+00  0.58542125E-14      298.16910      298.15000
     1081.4339513      0.1558E-06      0.9255E+00  0.58479950E-14      298.16986      298.15000
     1114.2945336      0.6912E-07      0.9248E+00  0.58416074E-14      298.17014      298.15000
     1148.1536215      0.2990E-07      0.9240E+00  0.58351063E-14      298.17022      298.15000
     1183.0415557      0.1260E-07      0.9233E+00  0.58284815E-14      298.17003      298.15000
     1218.9895989      0.5169E-08      0.9225E+00  0.58217386E-14      298.17011      298.15000
     1256.0299637      0.2062E-08      0.9217E+00  0.58148742E-14      298.16951      298.15000
     1294.1958414      0.7995E-09      0.9209E+00  0.58078920E-14      298.17026      298.15000
     1333.5214322      0.3009E-09      0.9201E+00  0.58007804E-14      298.17047      298.15000
     1374.0419750      0.1099E-09      0.9192E+00  0.57935533E-14      298.16987      298.15000
     1415.7937800      0.3887E-10      0.9183E+00  0.57861933E-14      298.17004      298.15000
     1458.8142603      0.1331E-10      0.9174E+00  0.57786620E-14      298.16819      298.15000
     1503.1419661      0.4409E-11      0.9165E+00  0.57710601E-14      298.17006      298.15000
     1548.8166189      0.1411E-11      0.9155E+00  0.57632721E-14      298.16848      298.15000
     1595.8791472      0.4356E-12      0.9145E+00  0.57554135E-14      298.17002      298.15000
     1644.3717232      0.1297E-12      0.9135E+00  0.57473759E-14      298.16990      298.15000
     1694.3378004      0.3716E-13      0.9124E+00  0.57392579E-14      298.16796      298.15000
     1745.8221529      0.1024E-13      0.9113E+00  0.57309637E-14      298.17018      298.15000
     1798.8709151      0.2710E-14      0.9102E+00  0.57225358E-14      298.16930      298.15000
     1798.8709151      0.2710E-14      0.9102E+00  0.57225358E-14      298.16855      298.15000
     1798.8709151      0.2710E-14      0.9102E+00  0.57225358E-14      298.16855      298.15000
     1853.5316234      0.6883E-15      0.9091E+00  0.57139124E-14      298.16924      298.15000
     1853.5316234      0.6883E-15      0.9091E+00  0.57139124E-14      298.16874      298.15000
     1909.8532586      0.5974E-16      0.9079E+00  0.57039454E-14      298.16625      298.15000
     1967.8862897      0.4797E-17      0.9067E+00  0.56949655E-14      298.17031      298.15000
     2027.6827195      0.3549E-18      0.9054E+00  0.56858277E-14      298.16657      298.15000
     2089.2961309      0.2407E-19      0.9041E+00  0.56765652E-14      298.16723      298.15000
     2152.7817347      0.1492E-20      0.9028E+00  0.56673446E-14      298.16658      298.15000
     2218.1964198      0.8417E-22      0.9014E+00  0.56576732E-14      298.16819      298.15000
     2285.5988034      0.4307E-23      0.9000E+00  0.56480550E-14      298.16845      298.15000
     2355.0492839      0.1991E-24      0.8986E+00  0.56383447E-14      298.16954      298.15000
     2426.6100951      0.8291E-26      0.8971E+00  0.56284550E-14      298.16954      298.15000
     2500.3453617      0.3096E-27      0.8956E+00  0.56184759E-14      298.17000      298.15000
     2576.3211570      0.1033E-28      0.8940E+00  0.56082641E-14      298.16795      298.15000
     2654.6055620      0.1000E-29      0.8924E+00  0.55980527E-14      298.16901      298.15000
     2735.2687263      0.1000E-29      0.8907E+00  0.55876280E-14      298.16655      298.15000
     2818.3829313      0.1000E-29      0.8890E+00  0.55770259E-14      298.16905      298.15000
     2904.0226545      0.1000E-29      0.8873E+00  0.55663528E-14      298.16678      298.15000
     2992.2646366      0.1000E-29      0.8855E+00  0.55555138E-14      298.16855      298.15000
     3083.1879502      0.1000E-29      0.8836E+00  0.55449500E-14      298.16981      298.15000
     3176.8740706      0.1000E-29      0.8817E+00  0.55335411E-14      298.16919      298.15000
     3273.4069488      0.1000E-29      0.8797E+00  0.55223408E-14      298.16716      298.15000
     3372.8730866      0.1000E-29      0.8777E+00  0.55110599E-14      298.16978      298.15000
     3475.3616144      0.1000E-29      0.8756E+00  0.54995565E-14      298.16804      298.15000
     3580.9643710      0.1000E-29      0.8735E+00  0.54880864E-14      298.16987      298.15000
     3689.7759857      0.1000E-29      0.8713E+00  0.54763409E-14      298.16903      298.15000
     3801.8939632      0.1000E-29      0.8691E+00  0.54644934E-14      298.16800      298.15000
     3917.4187711      0.1000E-29      0.8668E+00  0.54526931E-14      298.16637      298.15000
     4036.4539297      0.1000E-29      0.8644E+00  0.54406255E-14      298.16951      298.15000
     4159.1061049      0.1000E-29      0.8620E+00  0.54284218E-14      298.16872      298.15000
     4285.4852040      0.1000E-29      0.8595E+00  0.54161335E-14      298.16779      298.15000
     4415.7044735      0.1000E-29      0.8569E+00  0.54038662E-14      298.16961      298.15000
     4549.8806015      0.1000E-29      0.8542E+00  0.53913356E-14      298.16890      298.15000
     4688.1338215      0.1000E-29      0.8515E+00  0.53787448E-14      298.16801      298.15000
     4830.5880204      0.1000E-29      0.8487E+00  0.53661647E-14      298.16966      298.15000
     4977.3708498      0.1000E-29      0.8459E+00  0.53533053E-14      298.16864      298.15000
     5128.6138399      0.1000E-29      0.8429E+00  0.53404244E-14      298.16764      298.15000
     5284.4525178      0.1000E-29      0.8399E+00  0.53275848E-14      298.16965      298.15000
     5445.0265284      0.1000E-29      0.8368E+00  0.53144583E-14      298.16880      298.15000
     5610.4797603      0.1000E-29      0.8337E+00  0.53012966E-14      298.16766      298.15000
     5780.9604741      0.1000E-29      0.8304E+00  0.52882138E-14      298.16969      298.15000
     5956.6214353      0.1000E-29      0.8270E+00  0.52747993E-14      298.16791      298.15000
     6137.6200516      0.1000E-29      0.8236E+00  0.52616108E-14      298.16987      298.15000
     6324.1185138      0.1000E-29      0.8201E+00  0.52480577E-14      298.16882      298.15000
     6516.2839406      0.1000E-29      0.8165E+00  0.52345604E-14      298.16705      298.15000
     6714.2885293      0.1000E-29      0.8128E+00  0.52210607E-14      298.16901      298.15000
     6918.3097092      0.1000E-29      0.8090E+00  0.52074195E-14      298.16690      298.15000
     7128.5303013      0.1000E-29      0.8051E+00  0.51937975E-14      298.16883      298.15000
     7345.1386816      0.1000E-29      0.8011E+00  0.51801045E-14      298.16651      298.15000
     7568.3289502      0.1000E-29      0.7970E+00  0.51663109E-14      298.16828      298.15000
     7798.3011052      0.1000E-29      0.7928E+00  0.51526491E-14      298.16929      298.15000
     8035.2612219      0.1000E-29      0.7885E+00  0.51386997E-14      298.16708      298.15000
     8279.4216371      0.1000E-29      0.7841E+00  0.51248905E-14      298.16797      298.15000
     8531.0011402      0.1000E-29      0.7796E+00  0.51111052E-14      298.16865      298.15000
     8790.2251683      0.1000E-29      0.7750E+00  0.50973187E-14      298.16916      298.15000
     9057.3260090      0.1000E-29      0.7702E+00  0.50835073E-14      298.16950      298.15000
     9332.5430080      0.1000E-29      0.7654E+00  0.50696689E-14      298.16969      298.15000
     9616.1227838      0.1000E-29      0.7604E+00  0.50558199E-14      298.16968      298.15000
     9908.3194489      0.1000E-29      0.7554E+00  0.50419559E-14      298.16957      298.15000
    10209.3948371      0.1000E-29      0.7502E+00  0.50280682E-14      298.16912      298.15000
    10519.6187382      0.1000E-29      0.7449E+00  0.50141962E-14      298.16860      298.15000
    10839.2691402      0.1000E-29      0.7394E+00  0.50003530E-14      298.16794      298.15000
    11168.6324778      0.1000E-29      0.7339E+00  0.49866814E-14      298.16644      298.15000
    11508.0038894      0.1000E-29      0.7282E+00  0.49730314E-14      298.16863      298.15000
    11857.6874817      0.1000E-29      0.7224E+00  0.49593081E-14      298.16697      298.15000
    12217.9966016      0.1000E-29      0.7164E+00  0.49458394E-14      298.16866      298.15000
    12589.2541179      0.1000E-29      0.7104E+00  0.49324182E-14      298.16567      298.15000
    12971.7927098      0.1000E-29      0.7042E+00  0.49187925E-14      298.16751      298.15000
    13365.9551655      0.1000E-29      0.6979E+00  0.49056073E-14      298.16806      298.15000
    13772.0946889      0.1000E-29      0.6914E+00  0.48923307E-14      298.16862      298.15000
    14190.5752169      0.1000E-29      0.6848E+00  0.48792025E-14      298.16875      298.15000
    14621.7717446      0.1000E-29      0.6781E+00  0.48661472E-14      298.16858      298.15000
    15066.0706619      0.1000E-29      0.6712E+00  0.48531562E-14      298.16823      298.15000
    15523.8700996      0.1000E-29      0.6642E+00  0.48402730E-14      298.16762      298.15000
    15995.5802861      0.1000E-29      0.6571E+00  0.48278506E-14      298.16936      298.15000
    16481.6239153      0.1000E-29      0.6498E+00  0.48151406E-14      298.16821      298.15000
    16982.4365246      0.1000E-29      0.6424E+00  0.48028140E-14      298.16579      298.15000
    17498.4668862      0.1000E-29      0.6349E+00  0.47905014E-14      298.16780      298.15000
    18030.1774086      0.1000E-29      0.6272E+00  0.47784943E-14      298.16853      298.15000
    18578.0445509      0.1000E-29      0.6194E+00  0.47666618E-14      298.16899      298.15000
    19142.5592502      0.1000E-29      0.6115E+00  0.47549755E-14      298.16925      298.15000
    19724.2273611      0.1000E-29      0.6034E+00  0.47434562E-14      298.16917      298.15000
    20323.5701094      0.1000E-29      0.5952E+00  0.47320343E-14      298.16887      298.15000
    20941.1245585      0.1000E-29      0.5869E+00  0.47207713E-14      298.16818      298.15000
    21577.4440915      0.1000E-29      0.5784E+00  0.47097446E-14      298.16698      298.15000
    22233.0989065      0.1000E-29      0.5698E+00  0.46991742E-14      298.16864      298.15000
    22908.6765277      0.1000E-29      0.5611E+00  0.46884160E-14      298.16702      298.15000
    23604.7823318      0.1000E-29      0.5522E+00  0.46783301E-14      298.16784      298.15000
    24322.0400907      0.1000E-29      0.5433E+00  0.46683078E-14      298.16845      298.15000
    25061.0925303      0.1000E-29      0.5342E+00  0.46585329E-14      298.16866      298.15000
    25822.6019063      0.1000E-29      0.5250E+00  0.46489506E-14      298.16854      298.15000
    26607.2505980      0.1000E-29      0.5156E+00  0.46395635E-14      298.16807      298.15000
    27415.7417193      0.1000E-29      0.5062E+00  0.46303988E-14      298.16723      298.15000
    28248.7997492      0.1000E-29      0.4967E+00  0.46218402E-14      298.16893      298.15000
    29107.1711807      0.1000E-29      0.4870E+00  0.46130703E-14      298.16744      298.15000
    29991.6251899      0.1000E-29      0.4773E+00  0.46049773E-14      298.16841      298.15000
    30902.9543251      0.1000E-29      0.4675E+00  0.45970627E-14      298.16908      298.15000
    31841.9752173      0.1000E-29      0.4576E+00  0.45890212E-14      298.16626      298.15000
    32809.5293113      0.1000E-29      0.4476E+00  0.45815809E-14      298.16619      298.15000
    33806.4836206      0.1000E-29      0.4375E+00  0.45747142E-14      298.16896      298.15000
    34833.7315036      0.1000E-29      0.4274E+00  0.45677150E-14      298.16827      298.15000
    35892.1934645      0.1000E-29      0.4172E+00  0.45609220E-14      298.16725      298.15000
    36982.8179780      0.1000E-29      0.4069E+00  0.45548210E-14      298.16869      298.15000
    38106.5823394      0.1000E-29      0.3966E+00  0.45484867E-14      298.16700      298.15000
    39264.4935400      0.1000E-29      0.3863E+00  0.45428380E-14      298.16781      298.15000
    40457.5891697      0.1000E-29      0.3759E+00  0.45374056E-14      298.16828      298.15000
    41686.9383470      0.1000E-29      0.3655E+00  0.45321980E-14      298.16844      298.15000
    42953.6426765      0.1000E-29      0.3551E+00  0.45272123E-14      298.16829      298.15000
    44258.8372363      0.1000E-29      0.3447E+00  0.45224481E-14      298.16784      298.15000
    45603.6915951      0.1000E-29      0.3342E+00  0.45179003E-14      298.16707      298.15000
    46989.4108605      0.1000E-29      0.3238E+00  0.45139906E-14      298.16882      298.15000
    48417.2367584      0.1000E-29      0.3135E+00  0.45098693E-14      298.16753      298.15000
    49888.4487460      0.1000E-29      0.3031E+00  0.45063661E-14      298.16871      298.15000
    51404.3651582      0.1000E-29      0.2928E+00  0.45026520E-14      298.16684      298.15000
    52966.3443892      0.1000E-29      0.2826E+00  0.44995530E-14      298.16756      298.15000
    54575.7861091      0.1000E-29      0.2724E+00  0.44966297E-14      298.16799      298.15000
    56234.1325190      0.1000E-29      0.2623E+00  0.44938928E-14      298.16817      298.15000
    57942.8696427      0.1000E-29      0.2523E+00  0.44913321E-14      298.16813      298.15000
    59703.5286584      0.1000E-29      0.2423E+00  0.44889455E-14      298.16788      298.15000
    61517.6872710      0.1000E-29      0.2325E+00  0.44867394E-14      298.16740      298.15000
    63386.9711257      0.1000E-29      0.2228E+00  0.44846928E-14      298.16663      298.15000
    65313.0552647      0.1000E-29      0.2132E+00  0.44831389E-14      298.16861      298.15000
    67297.6656284      0.1000E-29      0.2038E+00  0.44813479E-14      298.16764      298.15000
    69342.5806017      0.1000E-29      0.1945E+00  0.44801787E-14      298.16903      298.15000
    71449.6326076      0.1000E-29      0.1854E+00  0.44785558E-14      298.16786      298.15000
    73620.7097495      0.1000E-29      0.1764E+00  0.44776556E-14      298.16893      298.15000
    75857.7575029      0.1000E-29      0.1676E+00  0.44762805E-14      298.16746      298.15000
    78162.7804588      0.1000E-29      0.1591E+00  0.44754706E-14      298.16842      298.15000
    80537.8441199      0.1000E-29      0.1507E+00  0.44749748E-14      298.16901      298.15000
    82985.0767514      0.1000E-29      0.1425E+00  0.44738387E-14      298.16726      298.15000
    85506.6712885      0.1000E-29      0.1345E+00  0.44731833E-14      298.16804      298.15000
    88104.8873008      0.1000E-29      0.1268E+00  0.44728016E-14      298.16849      298.15000
    90782.0530178      0.1000E-29      0.1193E+00  0.44725829E-14      298.16875      298.15000
    93540.5674148      0.1000E-29      0.1120E+00  0.44724594E-14      298.16890      298.15000
    96382.9023624      0.1000E-29      0.1050E+00  0.44723911E-14      298.16898      298.15000
    99311.6048421      0.1000E-29      0.9820E-01  0.44723541E-14      298.16902      298.15000
   102329.2992281      0.1000E-29      0.9167E-01  0.44723343E-14      298.16905      298.15000
   105438.6896391      0.1000E-29      0.8539E-01  0.44723240E-14      298.16906      298.15000
   108642.5623617      0.1000E-29      0.7938E-01  0.44723188E-14      298.16906      298.15000
   111943.7883467      0.1000E-29      0.7362E-01  0.44723161E-14      298.16907      298.15000
   115345.3257821      0.1000E-29      0.6813E-01  0.44723148E-14      298.16907      298.15000
   118850.2227437      0.1000E-29      0.6289E-01  0.44723142E-14      298.16907      298.15000
   122461.6199265      0.1000E-29      0.5792E-01  0.44723139E-14      298.16907      298.15000
   126182.7534591      0.1000E-29      0.5321E-01  0.44723138E-14      298.16907      298.15000
   130016.9578033      0.1000E-29      0.4876E-01  0.44723137E-14      298.16907      298.15000
   133967.6687426      0.1000E-29      0.4455E-01  0.44723137E-14      298.16907      298.15000
   138038.4264603      0.1000E-29      0.4060E-01  0.44723137E-14      298.16907      298.15000
   142232.8787123      0.1000E-29      0.3690E-01  0.44723137E-14      298.16907      298.15000
   146554.7840956      0.1000E-29      0.3344E-01  0.44723137E-14      298.16907      298.15000
   151008.0154164      0.1000E-29      0.3021E-01  0.44723137E-14      298.16907      298.15000
   155596.5631605      0.1000E-29      0.2721E-01  0.44723137E-14      298.16907      298.15000
   160324.5390690      0.1000E-29      0.2443E-01  0.44723137E-14      298.16907      298.15000
   165196.1798229      0.1000E-29      0.2186E-01  0.44723137E-14      298.16907      298.15000
   170215.8508395      0.1000E-29      0.1949E-01  0.44723137E-14      298.16907      298.15000
   175388.0501842      0.1000E-29      0.1733E-01  0.44723137E-14      298.16907      298.15000
   180717.4126011      0.1000E-29      0.1534E-01  0.44723137E-14      298.16907      298.15000
   186208.7136663      0.1000E-29      0.1354E-01  0.44723137E-14      298.16907      298.15000
