        0.0000100      0.1000E+01      0.9424E+00  0.00000000E+00      298.15128      298.15000
        0.0000103      0.1000E+01      0.9424E+00  0.00000000E+00      298.14490      298.15000
        0.0000106      0.1000E+01      0.9424E+00  0.00000000E+00      298.14476      298.15000
        0.0000109      0.1000E+01      0.9424E+00  0.00000000E+00      298.14464      298.15000
        0.0000113      0.1000E+01      0.9424E+00  0.00000000E+00      298.14451      298.15000
        0.0000116      0.1000E+01      0.9424E+00  0.00000000E+00      298.14438      298.15000
        0.0000120      0.1000E+01      0.9424E+00  0.00000000E+00      298.14425      298.15000
        0.0000123      0.1000E+01      0.9424E+00  0.00000000E+00      298.14411      298.15000
        0.0000127      0.1000E+01      0.9424E+00  0.00000000E+00      298.14396      298.15000
        0.0000131      0.1000E+01      0.9424E+00  0.00000000E+00      298.14381      298.15000
        0.0000135      0.1000E+01      0.9424E+00  0.00000000E+00      298.14366      298.15000
        0.0000139      0.1000E+01      0.9424E+00  0.00000000E+00      298.14351      298.15000
        0.0000143      0.1000E+01      0.9424E+00  0.00000000E+00      298.14334      298.15000
        0.0000148      0.1000E+01      0.9424E+00  0.00000000E+00      298.14318      298.15000
        0.0000152      0.1000E+01      0.9424E+00  0.00000000E+00      298.14300      298.15000
        0.0000157      0.1000E+01      0.9424E+00  0.00000000E+00      298.14274      298.15000
        0.0000161      0.1000E+01      0.9424E+00  0.00000000E+00      298.14256      298.15000
        0.0000166      0.1000E+01      0.9424E+00  0.00000000E+00      298.14237      298.15000
        0.0000171      0.1000E+01      0.9424E+00  0.00000000E+00      298.14217      298.15000
        0.0000177      0.1000E+01      0.9424E+00  0.00000000E+00      298.14197      298.15000
        0.0000182      0.1000E+01      0.9424E+00  0.00000000E+00      298.14177      298.15000
        0.0000187      0.1000E+01      0.9424E+00  0.00000000E+00      298.14156      298.15000
        0.0000193      0.1000E+01      0.9424E+00  0.00000000E+00      298.14134      298.15000
        0.0000199      0.1000E+01      0.9424E+00  0.00000000E+00      298.14111      298.15000
        0.0000205      0.1000E+01      0.9424E+00  0.00000000E+00      298.14088      298.15000
        0.0000211      0.1000E+01      0.9424E+00  0.00000000E+00      298.14064      298.15000
        0.0000218      0.1000E+01      0.9424E+00  0.00000000E+00      298.14040      298.15000
        0.0000224      0.1000E+01      0.9424E+00  0.00000000E+00      298.14014      298.15000
        0.0000231      0.1000E+01      0.9424E+00  0.00000000E+00      298.13988      298.15000
        0.0000238      0.1000E+01      0.9424E+00  0.00000000E+00      298.13952      298.15000
        0.0000245      0.1000E+01      0.9424E+00  0.00000000E+00      298.13925      298.15000
        0.0000253      0.1000E+01      0.9424E+00  0.00000000E+00      298.13896      298.15000
        0.0000261      0.1000E+01      0.9424E+00  0.00000000E+00      298.13867      298.15000
        0.0000269      0.1000E+01      0.9424E+00  0.00000000E+00      298.13836      298.15000
        0.0000277      0.1000E+01      0.9424E+00  0.00000000E+00      298.13805      298.15000
        0.0000285      0.1000E+01      0.9424E+00  0.00000000E+00      298.13773      298.15000
        0.0000294      0.1000E+01      0.9424E+00  0.00000000E+00      298.13740      298.15000
        0.0000303      0.1000E+01      0.9424E+00  0.00000000E+00      298.13706      298.15000
        0.0000312      0.1000E+01      0.9424E+00  0.00000000E+00      298.13670      298.15000
        0.0000321      0.1000E+01      0.9424E+00  0.00000000E+00      298.13625      298.15000
        0.0000331      0.1000E+01      0.9424E+00  0.00000000E+00      298.13588      298.15000
        0.0000341      0.1000E+01      0.9424E+00  0.00000000E+00      298.13549      298.15000
        0.0000352      0.1000E+01      0.9424E+00  0.00000000E+00      298.13510      298.15000
        0.0000362      0.1000E+01      0.9424E+00  0.00000000E+00      298.13469      298.15000
        0.0000373      0.1000E+01      0.9424E+00  0.00000000E+00      298.13427      298.15000
        0.0000385      0.1000E+01      0.9424E+00  0.00000000E+00      298.13383      298.15000
        0.0000396      0.1000E+01      0.9424E+00  0.00000000E+00      298.13330      298.15000
        0.0000408      0.1000E+01      0.9424E+00  0.00000000E+00      298.13284      298.15000
        0.0000421      0.1000E+01      0.9424E+00  0.00000000E+00      298.13236      298.15000
        0.0000434      0.1000E+01      0.9424E+00  0.00000000E+00      298.13187      298.15000
        0.0000447      0.1000E+01      0.9424E+00  0.00000000E+00      298.13137      298.15000
        0.0000460      0.1000E+01      0.9424E+00  0.00000000E+00      298.13085      298.15000
        0.0000474      0.1000E+01      0.9424E+00  0.00000000E+00      298.13023      298.15000
        0.0000489      0.1000E+01      0.9424E+00  0.00000000E+00      298.12968      298.15000
        0.0000504      0.1000E+01      0.9424E+00  0.00000000E+00      298.12911      298.15000
        0.0000519      0.1000E+01      0.9424E+00  0.00000000E+00      298.12852      298.15000
        0.0000535      0.1000E+01      0.9424E+00  0.00000000E+00      298.12792      298.15000
        0.0000551      0.1000E+01      0.9424E+00  0.00000000E+00      298.12730      298.15000
        0.0000568      0.1000E+01      0.9424E+00  0.00000000E+00      298.12657      298.15000
        0.0000585      0.1000E+01      0.9424E+00  0.00000000E+00      298.12591      298.15000
        0.0000603      0.1000E+01      0.9424E+00  0.00000000E+00      298.12524      298.15000
        0.0000621      0.1000E+01      0.9424E+00  0.00000000E+00      298.12454      298.15000
        0.0000640      0.1000E+01      0.9424E+00  0.00000000E+00      298.12373      298.15000
        0.0000659      0.1000E+01      0.9424E+00  0.00000000E+00      298.12299      298.15000
        0.0000679      0.1000E+01      0.9424E+00  0.00000000E+00      298.12222      298.15000
        0.0000700      0.1000E+01      0.9424E+00  0.00000000E+00      298.12144      298.15000
        0.0000721      0.1000E+01      0.9424E+00  0.00000000E+00      298.12053      298.15000
        0.0000743      0.1000E+01      0.9424E+00  0.00000000E+00      298.11970      298.15000
        0.0000766      0.1000E+01      0.9424E+00  0.00000000E+00      298.11884      298.15000
        0.0000789      0.1000E+01      0.9424E+00  0.00000000E+00      298.11795      298.15000
        0.0000813      0.1000E+01      0.9424E+00  0.00000000E+00      298.11695      298.15000
        0.0000838      0.1000E+01      0.9424E+00  0.00000000E+00      298.11601      298.15000
        0.0000863      0.1000E+01      0.9424E+00  0.00000000E+00      298.11504      298.15000
        0.0000889      0.1000E+01      0.9424E+00  0.00000000E+00      298.11395      298.15000
        0.0000916      0.1000E+01      0.9424E+00  0.00000000E+00      298.11292      298.15000
        0.0000944      0.1000E+01      0.9424E+00  0.00000000E+00      298.11186      298.15000
        0.0000973      0.1000E+01      0.9424E+00  0.00000000E+00      298.11068      298.15000
        0.0001002      0.1000E+01      0.9424E+00  0.00000000E+00      298.10956      298.15000
        0.0001033      0.1000E+01      0.9424E+00  0.00000000E+00      298.10840      298.15000
        0.0001064      0.1000E+01      0.9424E+00  0.00000000E+00      298.10711      298.15000
        0.0001096      0.1000E+01      0.9424E+00  0.00000000E+00      298.10589      298.15000
        0.0001130      0.1000E+01      0.9424E+00  0.00000000E+00      298.10462      298.15000
        0.0001164      0.1000E+01      0.9424E+00  0.00000000E+00      298.10322      298.15000
        0.0001199      0.1000E+01      0.9424E+00  0.00000000E+00      298.10188      298.15000
        0.0001236      0.1000E+01      0.9424E+00  0.00000000E+00      298.10041      298.15000
        0.0001274      0.1000E+01      0.9424E+00  0.00000000E+00      298.09898      298.15000
        0.0001312      0.1000E+01      0.9424E+00  0.00000000E+00      298.09742      298.15000
        0.0001352      0.1000E+01      0.9424E+00  0.00000000E+00      298.09591      298.15000
        0.0001393      0.1000E+01      0.9424E+00  0.00000000E+00      298.09436      298.15000
        0.0001435      0.1000E+01      0.9424E+00  0.00000000E+00      298.09266      298.15000
        0.0001479      0.1000E+01      0.9424E+00  0.00000000E+00      298.09101      298.15000
        0.0001524      0.1000E+01      0.9424E+00  0.00000000E+00      298.08922      298.15000
        0.0001570      0.1000E+01      0.9424E+00  0.00000000E+00      298.08747      298.15000
        0.0001618      0.1000E+01      0.9424E+00  0.00000000E+00      298.08557      298.15000
        0.0001667      0.1000E+01      0.9424E+00  0.00000000E+00      298.08362      298.15000
        0.0001718      0.1000E+01      0.9424E+00  0.00000000E+00      298.08171      298.15000
        0.0001770      0.1000E+01      0.9424E+00  0.00000000E+00      298.07964      298.15000
        0.0001824      0.1000E+01      0.9424E+00  0.00000000E+00      298.07761      298.15000
        0.0001879      0.1000E+01      0.9424E+00  0.00000000E+00      298.07543      298.15000
        0.0001936      0.1000E+01      0.9424E+00  0.00000000E+00      298.07328      298.15000
        0.0001995      0.1000E+01      0.9424E+00  0.00000000E+00      298.07097      298.15000
        0.0002056      0.1000E+01      0.9424E+00  0.00000000E+00      298.06859      298.15000
        0.0002118      0.1000E+01      0.9424E+00  0.00000000E+00      298.06624      298.15000
        0.0002183      0.1000E+01      0.9424E+00  0.00000000E+00      298.06372      298.15000
        0.0002249      0.1000E+01      0.9424E+00  0.00000000E+00      298.06114      298.15000
        0.0002317      0.1000E+01      0.9424E+00  0.00000000E+00      298.05847      298.15000
        0.0002388      0.1000E+01      0.9424E+00  0.00000000E+00      298.05583      298.15000
        0.0002460      0.1000E+01      0.9424E+00  0.00000000E+00      298.05302      298.15000
        0.0002535      0.1000E+01      0.9424E+00  0.00000000E+00      298.05012      298.15000
        0.0002612      0.1000E+01      0.9424E+00  0.00000000E+00      298.04723      298.15000
        0.0002692      0.1000E+01      0.9424E+00  0.00000000E+00      298.04417      298.15000
        0.0002773      0.1000E+01      0.9424E+00  0.00000000E+00      298.04101      298.15000
        0.0002858      0.1000E+01      0.9424E+00  0.00000000E+00      298.03777      298.15000
        0.0002944      0.1000E+01      0.9424E+00  0.00000000E+00      298.03443      298.15000
        0.0003034      0.1000E+01      0.9424E+00  0.00000000E+00      298.03099      298.15000
        0.0003126      0.1000E+01      0.9424E+00  0.00000000E+00      298.02756      298.15000
        0.0003221      0.1000E+01      0.9424E+00  0.00000000E+00      298.02392      298.15000
        0.0003319      0.1000E+01      0.9424E+00  0.00000000E+00      298.02018      298.15000
        0.0003420      0.1000E+01      0.9424E+00  0.00000000E+00      298.01633      298.15000
        0.0003524      0.1000E+01      0.9424E+00  0.00000000E+00      298.01238      298.15000
        0.0003631      0.1000E+01      0.9424E+00  0.00000000E+00      298.00830      298.15000
        0.0003741      0.1000E+01      0.9424E+00  0.00000000E+00      298.00412      298.15000
        0.0003855      0.1000E+01      0.9424E+00  0.00000000E+00      297.99981      298.15000
        0.0003972      0.1000E+01      0.9424E+00  0.00000000E+00      297.99537      298.15000
        0.0004093      0.1000E+01      0.9424E+00  0.00000000E+00      297.99081      298.15000
        0.0004217      0.1000E+01      0.9424E+00  0.00000000E+00      297.98612      298.15000
        0.0004345      0.1000E+01      0.9424E+00  0.00000000E+00      297.98130      298.15000
        0.0004477      0.1000E+01      0.9424E+00  0.00000000E+00      297.97634      298.15000
        0.0004613      0.1000E+01      0.9424E+00  0.00000000E+00      297.97123      298.15000
        0.0004753      0.1000E+01      0.9424E+00  0.00000000E+00      297.96598      298.15000
        0.0004898      0.1000E+01      0.9424E+00  0.00000000E+00      297.96047      298.15000
        0.0005047      0.1000E+01      0.9424E+00  0.00000000E+00      297.95492      298.15000
        0.0005200      0.1000E+01      0.9424E+00  0.00000000E+00      297.94921      298.15000
        0.0005358      0.1000E+01      0.9424E+00  0.00000000E+00      297.94333      298.15000
        0.0005521      0.1000E+01      0.9424E+00  0.00000000E+00      297.93729      298.15000
        0.0005689      0.1000E+01      0.9424E+00  0.00000000E+00      297.93107      298.15000
        0.0005861      0.1000E+01      0.9424E+00  0.00000000E+00      297.92468      298.15000
        0.0006039      0.1000E+01      0.9424E+00  0.00000000E+00      297.91799      298.15000
        0.0006223      0.1000E+01      0.9424E+00  0.00000000E+00      297.91123      298.15000
        0.0006412      0.1000E+01      0.9424E+00  0.00000000E+00      297.90428      298.15000
        0.0006607      0.1000E+01      0.9424E+00  0.00000000E+00      297.89714      298.15000
        0.0006808      0.1000E+01      0.9424E+00  0.00000000E+00      297.88979      298.15000
        0.0007015      0.1000E+01      0.9424E+00  0.00000000E+00      297.88223      298.15000
        0.0007228      0.1000E+01      0.9424E+00  0.00000000E+00      297.87434      298.15000
        0.0007447      0.1000E+01      0.9424E+00  0.00000000E+00      297.86635      298.15000
        0.0007674      0.1000E+01      0.9424E+00  0.00000000E+00      297.85814      298.15000
        0.0007907      0.1000E+01      0.9424E+00  0.00000000E+00      297.84970      298.15000
        0.0008147      0.1000E+01      0.9424E+00  0.00000000E+00      297.84102      298.15000
        0.0008395      0.1000E+01      0.9424E+00  0.00000000E+00      297.83210      298.15000
        0.0008650      0.1000E+01      0.9424E+00  0.00000000E+00      297.82294      298.15000
        0.0008913      0.1000E+01      0.9424E+00  0.00000000E+00      297.81351      298.15000
        0.0009183      0.1000E+01      0.9424E+00  0.00000000E+00      297.80383      298.15000
        0.0009462      0.1000E+01      0.9424E+00  0.00000000E+00      297.79387      298.15000
        0.0009750      0.1000E+01      0.9424E+00  0.00000000E+00      297.78365      298.15000
        0.0010046      0.1000E+01      0.9424E+00  0.00000000E+00      297.77314      298.15000
        0.0010351      0.1000E+01      0.9424E+00  0.00000000E+00      297.76234      298.15000
        0.0010666      0.1000E+01      0.9424E+00  0.00000000E+00      297.75124      298.15000
        0.0010990      0.1000E+01      0.9424E+00  0.00000000E+00      297.73984      298.15000
        0.0011324      0.1000E+01      0.9424E+00  0.00000000E+00      297.72812      298.15000
        0.0011668      0.1000E+01      0.9424E+00  0.00000000E+00      297.71609      298.15000
        0.0012023      0.1000E+01      0.9424E+00  0.00000000E+00      297.70388      298.15000
        0.0012388      0.1000E+01      0.9424E+00  0.00000000E+00      297.69119      298.15000
        0.0012764      0.1000E+01      0.9424E+00  0.00000000E+00      297.67815      298.15000
        0.0013152      0.1000E+01      0.9424E+00  0.00000000E+00      297.66492      298.15000
        0.0013552      0.1000E+01      0.9424E+00  0.00000000E+00      297.65117      298.15000
        0.0013964      0.1000E+01      0.9424E+00  0.00000000E+00      297.63722      298.15000
        0.0014388      0.1000E+01      0.9424E+00  0.00000000E+00      297.62289      298.15000
        0.0014825      0.1000E+01      0.9424E+00  0.00000000E+00      297.60819      298.15000
        0.0015276      0.1000E+01      0.9424E+00  0.00000000E+00      297.59292      298.15000
        0.0015740      0.1000E+01      0.9424E+00  0.00000000E+00      297.57742      298.15000
        0.0016218      0.1000E+01      0.9424E+00  0.00000000E+00      297.56151      298.15000
        0.0016711      0.1000E+01      0.9424E+00  0.00000000E+00      297.54519      298.15000
        0.0017219      0.1000E+01      0.9424E+00  0.00000000E+00      297.52844      298.15000
        0.0017742      0.1000E+01      0.9424E+00  0.00000000E+00      297.51146      298.15000
        0.0018281      0.1000E+01      0.9424E+00  0.00000000E+00      297.49384      298.15000
        0.0018836      0.1000E+01      0.9424E+00  0.00000000E+00      297.47576      298.15000
        0.0019409      0.1000E+01      0.9424E+00  0.00000000E+00      297.45743      298.15000
        0.0019999      0.1000E+01      0.9424E+00  0.00000000E+00      297.43865      298.15000
        0.0020606      0.1000E+01      0.9424E+00  0.00000000E+00      297.41915      298.15000
        0.0021232      0.1000E+01      0.9424E+00  0.00000000E+00      297.39941      298.15000
        0.0021878      0.1000E+01      0.9424E+00  0.00000000E+00      297.37917      298.15000
        0.0022542      0.1000E+01      0.9424E+00  0.00000000E+00      297.35843      298.15000
        0.0023227      0.1000E+01      0.9424E+00  0.00000000E+00      297.33718      298.15000
        0.0023933      0.1000E+01      0.9424E+00  0.00000000E+00      297.31541      298.15000
        0.0024660      0.1000E+01      0.9424E+00  0.00000000E+00      297.29312      298.15000
        0.0025410      0.1000E+01      0.9424E+00  0.00000000E+00      297.27059      298.15000
        0.0026182      0.1000E+01      0.9424E+00  0.00000000E+00      297.24721      298.15000
        0.0026977      0.1000E+01      0.9424E+00  0.00000000E+00      297.22362      298.15000
        0.0027797      0.1000E+01      0.9424E+00  0.00000000E+00      297.19913      298.15000
        0.0028642      0.1000E+01      0.9424E+00  0.00000000E+00      297.17444      298.15000
        0.0029512      0.1000E+01      0.9424E+00  0.00000000E+00      297.14880      298.15000
        0.0030409      0.1000E+01      0.9424E+00  0.00000000E+00      297.12297      298.15000
        0.0031333      0.1000E+01      0.9424E+00  0.00000000E+00      297.09658      298.15000
        0.0032285      0.1000E+01      0.9424E+00  0.00000000E+00      297.06961      298.15000
        0.0033266      0.1000E+01      0.9424E+00  0.00000000E+00      297.04207      298.15000
        0.0034277      0.1000E+01      0.9424E+00  0.00000000E+00      297.01395      298.15000
        0.0035318      0.1000E+01      0.9424E+00  0.00000000E+00      296.98525      298.15000
        0.0036392      0.1000E+01      0.9424E+00  0.00000000E+00      296.95595      298.15000
        0.0037497      0.1000E+01      0.9424E+00  0.00000000E+00      296.92607      298.15000
        0.0038637      0.1000E+01      0.9424E+00  0.00000000E+00      296.89561      298.15000
        0.0039811      0.1000E+01      0.9424E+00  0.00000000E+00      296.86455      298.15000
        0.0041020      0.1000E+01      0.9424E+00  0.00000000E+00      296.83291      298.15000
        0.0042267      0.1000E+01      0.9424E+00  0.00000000E+00      296.80069      298.15000
        0.0043551      0.1000E+01      0.9424E+00  0.00000000E+00      296.76709      298.15000
        0.0044875      0.1000E+01      0.9424E+00  0.00000000E+00      296.73368      298.15000
        0.0046238      0.1000E+01      0.9424E+00  0.00000000E+00      296.69970      298.15000
        0.0047643      0.1000E+01      0.9424E+00  0.00000000E+00      296.66517      298.15000
        0.0049091      0.1000E+01      0.9424E+00  0.00000000E+00      296.63011      298.15000
        0.0050582      0.1000E+01      0.9424E+00  0.00000000E+00      296.59453      298.15000
        0.0052119      0.1000E+01      0.9424E+00  0.00000000E+00      296.55725      298.15000
        0.0053703      0.1000E+01      0.9424E+00  0.00000000E+00      296.52062      298.15000
        0.0055335      0.1000E+01      0.9424E+00  0.00000000E+00      296.48355      298.15000
        0.0057016      0.1000E+01      0.9424E+00  0.00000000E+00      296.44456      298.15000
        0.0058749      0.1000E+01      0.9424E+00  0.00000000E+00      296.40658      298.15000
        0.0060534      0.1000E+01      0.9424E+00  0.00000000E+00      296.36651      298.15000
        0.0062373      0.1000E+01      0.9424E+00  0.00000000E+00      296.32588      298.15000
        0.0064269      0.1000E+01      0.9424E+00  0.00000000E+00      296.28672      298.15000
        0.0066222      0.1000E+01      0.9424E+00  0.00000000E+00      296.24517      298.15000
        0.0068234      0.1000E+01      0.9424E+00  0.00000000E+00      296.20312      298.15000
        0.0070307      0.1000E+01      0.9424E+00  0.00000000E+00      296.16060      298.15000
        0.0072444      0.1000E+01      0.9424E+00  0.00000000E+00      296.11763      298.15000
        0.0074645      0.1000E+01      0.9424E+00  0.00000000E+00      296.07425      298.15000
        0.0076913      0.1000E+01      0.9424E+00  0.00000000E+00      296.03047      298.15000
        0.0079250      0.1000E+01      0.9424E+00  0.00000000E+00      295.98632      298.15000
        0.0081658      0.1000E+01      0.9424E+00  0.00000000E+00      295.94185      298.15000
        0.0084140      0.1000E+01      0.9424E+00  0.00000000E+00      295.89708      298.15000
        0.0086696      0.1000E+01      0.9424E+00  0.00000000E+00      295.85205      298.15000
        0.0089331      0.1000E+01      0.9424E+00  0.00000000E+00      295.80681      298.15000
        0.0092045      0.1000E+01      0.9424E+00  0.00000000E+00      295.75608      298.15000
        0.0094842      0.1000E+01      0.9424E+00  0.00000000E+00      295.71009      298.15000
        0.0097724      0.1000E+01      0.9424E+00  0.00000000E+00      295.66401      298.15000
        0.0100693      0.1000E+01      0.9424E+00  0.00000000E+00      295.61797      298.15000
        0.0103753      0.1000E+01      0.9424E+00  0.00000000E+00      295.56357      298.15000
        0.0106905      0.1000E+01      0.9424E+00  0.00000000E+00      295.51703      298.15000
        0.0110154      0.1000E+01      0.9424E+00  0.00000000E+00      295.47086      298.15000
        0.0113501      0.1000E+01      0.9424E+00  0.00000000E+00      295.42577      298.15000
        0.0116950      0.1000E+01      0.9424E+00  0.00000000E+00      295.38288      298.15000
        0.0120504      0.1000E+01      0.9424E+00  0.00000000E+00      295.31837      298.15000
        0.0124165      0.1000E+01      0.9424E+00  0.00000000E+00      295.28739      298.15000
        0.0127938      0.1000E+01      0.9424E+00  0.00000000E+00      295.23395      298.15000
        0.0131826      0.1000E+01      0.9424E+00  0.00000000E+00      295.18429      298.15000
        0.0135831      0.1000E+01      0.9424E+00  0.00000000E+00      295.13435      298.15000
        0.0139959      0.1000E+01      0.9424E+00  0.00000000E+00      295.08415      298.15000
        0.0144212      0.1000E+01      0.9424E+00  0.00000000E+00      295.01981      298.15000
        0.0148594      0.1000E+01      0.9424E+00  0.00000000E+00      294.96069      298.15000
        0.0153109      0.1000E+01      0.9424E+00  0.00000000E+00      294.90460      298.15000
        0.0157761      0.1000E+01      0.9424E+00  0.00000000E+00      294.85985      298.15000
        0.0162555      0.1000E+01      0.9424E+00  0.00000000E+00      294.80428      298.15000
        0.0167494      0.1000E+01      0.9424E+00  0.00000000E+00      294.74873      298.15000
        0.0172584      0.1000E+01      0.9424E+00  0.00000000E+00      294.70090      298.15000
        0.0177828      0.1000E+01      0.9424E+00  0.00000000E+00      294.64533      298.15000
        0.0183231      0.1000E+01      0.9424E+00  0.00000000E+00      294.59621      298.15000
        0.0188799      0.1000E+01      0.9424E+00  0.00000000E+00      294.54043      298.15000
        0.0194536      0.1000E+01      0.9424E+00  0.00000000E+00      294.49046      298.15000
        0.0200447      0.1000E+01      0.9424E+00  0.00000000E+00      294.43450      298.15000
        0.0206538      0.1000E+01      0.9424E+00  0.00000000E+00      294.38390      298.15000
        0.0212814      0.1000E+01      0.9424E+00  0.00000000E+00      294.33303      298.15000
        0.0219280      0.1000E+01      0.9424E+00  0.00000000E+00      294.28184      298.15000
        0.0225944      0.1000E+01      0.9424E+00  0.00000000E+00      294.23034      298.15000
        0.0232809      0.1000E+01      0.9424E+00  0.00000000E+00      294.17853      298.15000
        0.0239883      0.1000E+01      0.9424E+00  0.00000000E+00      294.12637      298.15000
        0.0247172      0.1000E+01      0.9424E+00  0.00000000E+00      294.07373      298.15000
        0.0254683      0.1000E+01      0.9424E+00  0.00000000E+00      294.02637      298.15000
        0.0262422      0.1000E+01      0.9424E+00  0.00000000E+00      293.97260      298.15000
        0.0270396      0.1000E+01      0.9424E+00  0.00000000E+00      293.92434      298.15000
        0.0278612      0.1000E+01      0.9424E+00  0.00000000E+00      293.87581      298.15000
        0.0287078      0.1000E+01      0.9424E+00  0.00000000E+00      293.82689      298.15000
        0.0295801      0.1000E+01      0.9424E+00  0.00000000E+00      293.77689      298.15000
        0.0304789      0.1000E+01      0.9424E+00  0.00000000E+00      293.72980      298.15000
        0.0314051      0.1000E+01      0.9424E+00  0.00000000E+00      293.68298      298.15000
        0.0323594      0.1000E+01      0.9424E+00  0.00000000E+00      293.62884      298.15000
        0.0333426      0.1000E+01      0.9424E+00  0.00000000E+00      293.58301      298.15000
        0.0343558      0.1000E+01      0.9424E+00  0.00000000E+00      293.53822      298.15000
        0.0353997      0.1000E+01      0.9424E+00  0.00000000E+00      293.48830      298.15000
        0.0364754      0.1000E+01      0.9424E+00  0.00000000E+00      293.44264      298.15000
        0.0375837      0.1000E+01      0.9424E+00  0.00000000E+00      293.39543      298.15000
        0.0387258      0.1000E+01      0.9424E+00  0.00000000E+00      293.34995      298.15000
        0.0399025      0.1000E+01      0.9424E+00  0.00000000E+00      293.30401      298.15000
        0.0411150      0.1000E+01      0.9424E+00  0.00000000E+00      293.25948      298.15000
        0.0423643      0.1000E+01      0.9424E+00  0.00000000E+00      293.21601      298.15000
        0.0436516      0.1000E+01      0.9424E+00  0.00000000E+00      293.17340      298.15000
        0.0449780      0.1000E+01      0.9424E+00  0.00000000E+00      293.12984      298.15000
        0.0463447      0.1000E+01      0.9424E+00  0.00000000E+00      293.08810      298.15000
        0.0477529      0.1000E+01      0.9424E+00  0.00000000E+00      293.04646      298.15000
        0.0492040      0.1000E+01      0.9424E+00  0.00000000E+00      293.00565      298.15000
        0.0506991      0.1000E+01      0.9424E+00  0.00000000E+00      292.96508      298.15000
        0.0522396      0.1000E+01      0.9424E+00  0.00000000E+00      292.92531      298.15000
        0.0538270      0.1000E+01      0.9424E+00  0.00000000E+00      292.88588      298.15000
        0.0554626      0.1000E+01      0.9424E+00  0.00000000E+00      292.84722      298.15000
        0.0571479      0.1000E+01      0.9424E+00  0.00000000E+00      292.80930      298.15000
        0.0588844      0.1000E+01      0.9424E+00  0.00000000E+00      292.77177      298.15000
        0.0606736      0.1000E+01      0.9424E+00  0.00000000E+00      292.73495      298.15000
        0.0625173      0.1000E+01      0.9424E+00  0.00000000E+00      292.69858      298.15000
        0.0644169      0.1000E+01      0.9424E+00  0.00000000E+00      292.66292      298.15000
        0.0663743      0.1000E+01      0.9424E+00  0.00000000E+00      292.62795      298.15000
        0.0683912      0.1000E+01      0.9424E+00  0.00000000E+00      292.59364      298.15000
        0.0704693      0.1000E+01      0.9424E+00  0.00000000E+00      292.55981      298.15000
        0.0726106      0.1000E+01      0.9424E+00  0.00000000E+00      292.52648      298.15000
        0.0748170      0.1000E+01      0.9424E+00  0.00000000E+00      292.49398      298.15000
        0.0770903      0.1000E+01      0.9424E+00  0.00000000E+00      292.46184      298.15000
        0.0794328      0.1000E+01      0.9424E+00  0.00000000E+00      292.43050      298.15000
        0.0818465      0.1000E+01      0.9424E+00  0.00000000E+00      292.39968      298.15000
        0.0843335      0.1000E+01      0.9424E+00  0.00000000E+00      292.36950      298.15000
        0.0868960      0.1000E+01      0.9424E+00  0.00000000E+00      292.33985      298.15000
        0.0895365      0.1000E+01      0.9424E+00  0.00000000E+00      292.31075      298.15000
        0.0922571      0.1000E+01      0.9424E+00  0.00000000E+00      292.28228      298.15000
        0.0950605      0.1000E+01      0.9424E+00  0.00000000E+00      292.25444      298.15000
        0.0979490      0.1000E+01      0.9424E+00  0.00000000E+00      292.22707      298.15000
        0.1009253      0.1000E+01      0.9424E+00  0.00000000E+00      292.20032      298.15000
        0.1039920      0.1000E+01      0.9424E+00  0.00000000E+00      292.17418      298.15000
        0.1071519      0.1000E+01      0.9424E+00  0.00000000E+00      292.14852      298.15000
        0.1104079      0.1000E+01      0.9424E+00  0.00000000E+00      292.12347      298.15000
        0.1137627      0.1000E+01      0.9424E+00  0.00000000E+00      292.09890      298.15000
        0.1172195      0.1000E+01      0.9424E+00  0.00000000E+00      292.07493      298.15000
        0.1207814      0.1000E+01      0.9424E+00  0.00000000E+00      292.05145      298.15000
        0.1244515      0.1000E+01      0.9424E+00  0.00000000E+00      292.02850      298.15000
        0.1282331      0.1000E+01      0.9424E+00  0.00000000E+00      292.00608      298.15000
        0.1321296      0.1000E+01      0.9424E+00  0.00000000E+00      291.98415      298.15000
        0.1361445      0.1000E+01      0.9424E+00  0.00000000E+00      291.96274      298.15000
        0.1402814      0.1000E+01      0.9424E+00  0.00000000E+00      291.94184      298.15000
        0.1445440      0.1000E+01      0.9424E+00  0.00000000E+00      291.92139      298.15000
        0.1489361      0.1000E+01      0.9424E+00  0.00000000E+00      291.90145      298.15000
        0.1534617      0.1000E+01      0.9424E+00  0.00000000E+00      291.88198      298.15000
        0.1581248      0.1000E+01      0.9424E+00  0.00000000E+00      291.86300      298.15000
        0.1629296      0.1000E+01      0.9424E+00  0.00000000E+00      291.84445      298.15000
        0.1678804      0.1000E+01      0.9424E+00  0.00000000E+00      291.82636      298.15000
        0.1729816      0.1000E+01      0.9424E+00  0.00000000E+00      291.80871      298.15000
        0.1782379      0.1000E+01      0.9424E+00  0.00000000E+00      291.79150      298.15000
        0.1836538      0.1000E+01      0.9424E+00  0.00000000E+00      291.77472      298.15000
        0.1892344      0.1000E+01      0.9424E+00  0.00000000E+00      291.75837      298.15000
        0.1949845      0.1000E+01      0.9424E+00  0.00000000E+00      291.74243      298.15000
        0.2009093      0.1000E+01      0.9424E+00  0.00000000E+00      291.72689      298.15000
        0.2070141      0.1000E+01      0.9424E+00  0.00000000E+00      291.71175      298.15000
        0.2133045      0.1000E+01      0.9424E+00  0.00000000E+00      291.69701      298.15000
        0.2197860      0.1000E+01      0.9424E+00  0.00000000E+00      291.68265      298.15000
        0.2264644      0.1000E+01      0.9424E+00  0.00000000E+00      291.66868      298.15000
        0.2333458      0.1000E+01      0.9424E+00  0.00000000E+00      291.65507      298.15000
        0.2404363      0.1000E+01      0.9424E+00  0.00000000E+00      291.64183      298.15000
        0.2477422      0.1000E+01      0.9424E+00  0.00000000E+00      291.62895      298.15000
        0.2552701      0.1000E+01      0.9424E+00  0.00000000E+00      291.61642      298.15000
        0.2630268      0.1000E+01      0.9424E+00  0.00000000E+00      291.60423      298.15000
        0.2710192      0.1000E+01      0.9424E+00  0.00000000E+00      291.59239      298.15000
        0.2792544      0.1000E+01      0.9424E+00  0.00000000E+00      291.58087      298.15000
        0.2877398      0.1000E+01      0.9424E+00  0.00000000E+00      291.56969      298.15000
        0.2964831      0.1000E+01      0.9424E+00  0.00000000E+00      291.55881      298.15000
        0.3054921      0.1000E+01      0.9424E+00  0.00000000E+00      291.54826      298.15000
        0.3147748      0.1000E+01      0.9424E+00  0.00000000E+00      291.53802      298.15000
        0.3243396      0.1000E+01      0.9424E+00  0.00000000E+00      291.52808      298.15000
        0.3341950      0.1000E+01      0.9424E+00  0.00000000E+00      291.51845      298.15000
        0.3443499      0.1000E+01      0.9424E+00  0.00000000E+00      291.50910      298.15000
        0.3548134      0.1000E+01      0.9424E+00  0.00000000E+00      291.50005      298.15000
        0.3655948      0.1000E+01      0.9424E+00  0.00000000E+00      291.49128      298.15000
        0.3767038      0.1000E+01      0.9424E+00  0.00000000E+00      291.48280      298.15000
        0.3881504      0.1000E+01      0.9424E+00  0.00000000E+00      291.47460      298.15000
        0.3999447      0.1000E+01      0.9424E+00  0.00000000E+00      291.46667      298.15000
        0.4120975      0.1000E+01      0.9424E+00  0.00000000E+00      291.45901      298.15000
        0.4246196      0.1000E+01      0.9424E+00  0.00000000E+00      291.45163      298.15000
        0.4375221      0.1000E+01      0.9424E+00  0.00000000E+00      291.44451      298.15000
        0.4508167      0.1000E+01      0.9424E+00  0.00000000E+00      291.43766      298.15000
        0.4645153      0.1000E+01      0.9424E+00  0.00000000E+00      291.43108      298.15000
        0.4786301      0.1000E+01      0.9424E+00  0.00000000E+00      291.42476      298.15000
        0.4931738      0.1000E+01      0.9424E+00  0.00000000E+00      291.41871      298.15000
        0.5081594      0.1000E+01      0.9424E+00  0.00000000E+00      291.41291      298.15000
        0.5236004      0.1000E+01      0.9424E+00  0.00000000E+00      291.40738      298.15000
        0.5395106      0.1000E+01      0.9424E+00  0.00000000E+00      291.40210      298.15000
        0.5559043      0.1000E+01      0.9424E+00  0.00000000E+00      291.39708      298.15000
        0.5727960      0.1000E+01      0.9424E+00  0.00000000E+00      291.39230      298.15000
        0.5902011      0.1000E+01      0.9424E+00  0.00000000E+00      291.38775      298.15000
        0.6081350      0.1000E+01      0.9424E+00  0.00000000E+00      291.38342      298.15000
        0.6266139      0.1000E+01      0.9424E+00  0.00000000E+00      291.37930      298.15000
        0.6456542      0.1000E+01      0.9424E+00  0.00000000E+00      291.37535      298.15000
        0.6652732      0.1000E+01      0.9424E+00  0.00000000E+00      291.37154      298.15000
        0.6854882      0.1000E+01      0.9424E+00  0.00000000E+00      291.36786      298.15000
        0.7063176      0.1000E+01      0.9424E+00  0.00000000E+00      291.36428      298.15000
        0.7277798      0.1000E+01      0.9424E+00  0.00000000E+00      291.36076      298.15000
        0.7498942      0.1000E+01      0.9424E+00  0.00000000E+00      291.35731      298.15000
        0.7726806      0.1000E+01      0.9424E+00  0.00000000E+00      291.35392      298.15000
        0.7961594      0.1000E+01      0.9424E+00  0.00000000E+00      291.35059      298.15000
        0.8203515      0.1000E+01      0.9424E+00  0.00000000E+00      291.34733      298.15000
        0.8452788      0.1000E+01      0.9424E+00  0.00000000E+00      291.34418      298.15000
        0.8709636      0.1000E+01      0.9424E+00  0.00000000E+00      291.34114      298.15000
        0.8974288      0.1000E+01      0.9424E+00  0.00000000E+00      291.33826      298.15000
        0.9246982      0.1000E+01      0.9424E+00  0.00000000E+00      291.33556      298.15000
        0.9527962      0.1000E+01      0.9424E+00  0.00000000E+00      291.33308      298.15000
        0.9817479      0.1000E+01      0.9424E+00  0.00000000E+00      291.33084      298.15000
        1.0115795      0.1000E+01      0.9424E+00  0.00000000E+00      291.32889      298.15000
        1.0423174      0.1000E+01      0.9424E+00  0.00000000E+00      291.32727      298.15000
        1.0739894      0.1000E+01      0.9424E+00  0.00000000E+00      291.32602      298.15000
        1.1066238      0.1000E+01      0.9424E+00  0.00000000E+00      291.32519      298.15000
        1.1402498      0.1000E+01      0.9424E+00  0.00000000E+00      291.32478      298.15000
        1.1748976      0.1000E+01      0.9424E+00  0.00000000E+00      291.32481      298.15000
        1.2105981      0.1000E+01      0.9424E+00  0.00000000E+00      291.32522      298.15000
        1.2473835      0.1000E+01      0.9424E+00  0.00000000E+00      291.32594      298.15000
        1.2852867      0.1000E+01      0.9424E+00  0.00000000E+00      291.32686      298.15000
        1.3243415      0.1000E+01      0.9424E+00  0.00000000E+00      291.32790      298.15000
        1.3645831      0.1000E+01      0.9424E+00  0.00000000E+00      291.32899      298.15000
        1.4060475      0.1000E+01      0.9424E+00  0.00000000E+00      291.33008      298.15000
        1.4487719      0.1000E+01      0.9424E+00  0.00000000E+00      291.33116      298.15000
        1.4927944      0.1000E+01      0.9424E+00  0.00000000E+00      291.33226      298.15000
        1.5381546      0.1000E+01      0.9424E+00  0.00000000E+00      291.33345      298.15000
        1.5848932      0.1000E+01      0.9424E+00  0.00000000E+00      291.33483      298.15000
        1.6330519      0.1000E+01      0.9424E+00  0.00000000E+00      291.33652      298.15000
        1.6826741      0.1000E+01      0.9424E+00  0.00000000E+00      291.33870      298.15000
        1.7338040      0.1000E+01      0.9424E+00  0.00000000E+00      291.34156      298.15000
        1.7864876      0.1000E+01      0.9424E+00  0.00000000E+00      291.34537      298.15000
        1.8407720      0.1000E+01      0.9424E+00  0.00000000E+00      291.35045      298.15000
        1.8967059      0.1000E+01      0.9424E+00  0.00000000E+00      291.35703      298.15000
        1.9543395      0.1000E+01      0.9424E+00  0.00000000E+00      291.36509      298.15000
        2.0137242      0.1000E+01      0.9424E+00  0.00000000E+00      291.37440      298.15000
        2.0749135      0.1000E+01      0.9424E+00  0.00000000E+00      291.38460      298.15000
        2.1379621      0.1000E+01      0.9424E+00  0.00000000E+00      291.39533      298.15000
        2.2029265      0.1000E+01      0.9424E+00  0.00000000E+00      291.40632      298.15000
        2.2698649      0.1000E+01      0.9424E+00  0.00000000E+00      291.41757      298.15000
        2.3388372      0.1000E+01      0.9424E+00  0.00000000E+00      291.42929      298.15000
        2.4099054      0.1000E+01      0.9424E+00  0.00000000E+00      291.44203      298.15000
        2.4831331      0.1000E+01      0.9424E+00  0.00000000E+00      291.45646      298.15000
        2.5585859      0.1000E+01      0.9424E+00  0.00000000E+00      291.47350      298.15000
        2.6363314      0.1000E+01      0.9424E+00  0.00000000E+00      291.49443      298.15000
        2.7164393      0.1000E+01      0.9424E+00  0.00000000E+00      291.52171      298.15000
        2.7989813      0.1000E+01      0.9424E+00  0.00000000E+00      291.56087      298.15000
        2.8840315      0.1000E+01      0.9424E+00  0.00000000E+00      291.62328      298.15000
        2.9716660      0.1000E+01      0.9424E+00  0.00000000E+00      291.73309      298.15000
        3.0619634      0.1000E+01      0.9424E+00  0.00000000E+00      291.99211      298.15000
        3.1550046      0.1000E+01      0.9424E+00  0.00000000E+00      296.22890      298.15000
        3.2508730      0.1000E+01      0.9424E+00  0.00000000E+00      297.80121      298.15000
        3.3496544      0.1000E+01      0.9424E+00  0.00000000E+00      297.80356      298.15000
        3.4514374      0.1000E+01      0.9424E+00  0.00000000E+00      297.80571      298.15000
        3.5563132      0.1000E+01      0.9424E+00  0.00000000E+00      297.80770      298.15000
        3.6643757      0.1000E+01      0.9424E+00  0.00000000E+00      297.80954      298.15000
        3.7757219      0.1000E+01      0.9424E+00  0.00000000E+00      297.81126      298.15000
        3.8904514      0.1000E+01      0.9424E+00  0.00000000E+00      297.81288      298.15000
        4.0086672      0.1000E+01      0.9424E+00  0.00000000E+00      297.81438      298.15000
        4.1304750      0.1000E+01      0.9424E+00  0.00000000E+00      297.81589      298.15000
        4.2559841      0.1000E+01      0.9424E+00  0.00000000E+00      297.81728      298.15000
        4.3853070      0.1000E+01      0.9424E+00  0.00000000E+00      297.81875      298.15000
        4.5185594      0.1000E+01      0.9424E+00  0.00000000E+00      297.82002      298.15000
        4.6558609      0.1000E+01      0.9424E+00  0.00000000E+00      297.82141      298.15000
        4.7973345      0.1000E+01      0.9424E+00  0.00000000E+00      297.82279      298.15000
        4.9431069      0.1000E+01      0.9424E+00  0.00000000E+00      297.82423      298.15000
        5.0933087      0.1000E+01      0.9424E+00  0.00000000E+00      297.82565      298.15000
        5.2480746      0.1000E+01      0.9424E+00  0.00000000E+00      297.82708      298.15000
        5.4075432      0.1000E+01      0.9424E+00  0.00000000E+00      297.82826      298.15000
        5.5718575      0.1000E+01      0.9424E+00  0.00000000E+00      297.82942      298.15000
        5.7411646      0.1000E+01      0.9424E+00  0.00000000E+00      297.83057      298.15000
        5.9156163      0.1000E+01      0.9424E+00  0.00000000E+00      297.83191      298.15000
        6.0953690      0.1000E+01      0.9424E+00  0.00000000E+00      297.83317      298.15000
        6.2805836      0.1000E+01      0.9424E+00  0.00000000E+00      297.83443      298.15000
        6.4714262      0.1000E+01      0.9424E+00  0.00000000E+00      297.83565      298.15000
        6.6680677      0.1000E+01      0.9424E+00  0.00000000E+00      297.83701      298.15000
        6.8706844      0.1000E+01      0.9424E+00  0.00000000E+00      297.83839      298.15000
        7.0794578      0.1000E+01      0.9424E+00  0.00000000E+00      297.83982      298.15000
        7.2945751      0.1000E+01      0.9424E+00  0.00000000E+00      297.84127      298.15000
        7.5162289      0.1000E+01      0.9424E+00  0.00000000E+00      297.84274      298.15000
        7.7446180      0.1000E+01      0.9424E+00  0.00000000E+00      297.84422      298.15000
        7.9799469      0.1000E+01      0.9424E+00  0.00000000E+00      297.84585      298.15000
        8.2224265      0.1000E+01      0.9424E+00  0.00000000E+00      297.84741      298.15000
        8.4722741      0.1000E+01      0.9424E+00  0.00000000E+00      297.84900      298.15000
        8.7297137      0.1000E+01      0.9424E+00  0.00000000E+00      297.85052      298.15000
        8.9949758      0.1000E+01      0.9424E+00  0.00000000E+00      297.85220      298.15000
        9.2682982      0.1000E+01      0.9424E+00  0.00000000E+00      297.85387      298.15000
        9.5499259      0.1000E+01      0.9424E+00  0.00000000E+00      297.85556      298.15000
        9.8401111      0.1000E+01      0.9424E+00  0.00000000E+00      297.85728      298.15000
       10.1391139      0.1000E+01      0.9424E+00  0.00000000E+00      297.85903      298.15000
       10.4472022      0.1000E+01      0.9424E+00  0.00000000E+00      297.86081      298.15000
       10.7646521      0.1000E+01      0.9423E+00  0.00000000E+00      297.86263      298.15000
       11.0917482      0.1000E+01      0.9423E+00  0.00000000E+00      297.86450      298.15000
       11.4287833      0.1000E+01      0.9423E+00  0.00000000E+00      297.86643      298.15000
       11.7760597      0.1000E+01      0.9423E+00  0.00000000E+00      297.86843      298.15000
       12.1338885      0.1000E+01      0.9423E+00  0.00000000E+00      297.87050      298.15000
       12.5025903      0.1000E+01      0.9423E+00  0.00000000E+00      297.87266      298.15000
       12.8824955      0.1000E+01      0.9423E+00  0.00000000E+00      297.87492      298.15000
       13.2739446      0.1000E+01      0.9423E+00  0.00000000E+00      297.87730      298.15000
       13.6772883      0.1000E+01      0.9423E+00  0.00000000E+00      297.87982      298.15000
       14.0928880      0.1000E+01      0.9423E+00  0.00000000E+00      297.88249      298.15000
       14.5211162      0.1000E+01      0.9423E+00  0.00000000E+00      297.88533      298.15000
       14.9623566      0.1000E+01      0.9423E+00  0.00000000E+00      297.88836      298.15000
       15.4170045      0.1000E+01      0.9423E+00  0.00000000E+00      297.89161      298.15000
       15.8854675      0.1000E+01      0.9423E+00  0.00000000E+00      297.89510      298.15000
       16.3681652      0.1000E+01      0.9423E+00  0.00000000E+00      297.89885      298.15000
       16.8655303      0.1000E+01      0.9423E+00  0.00000000E+00      297.90290      298.15000
       17.3780083      0.1000E+01      0.9423E+00  0.00000000E+00      297.90727      298.15000
       17.9060585      0.1000E+01      0.9423E+00  0.00000000E+00      297.91200      298.15000
       18.4501542      0.1000E+01      0.9423E+00  0.00000000E+00      297.91712      298.15000
       19.0107828      0.1000E+01      0.9423E+00  0.00000000E+00      297.92267      298.15000
       19.5884467      0.1000E+01      0.9423E+00  0.00000000E+00      297.92867      298.15000
       20.1836636      0.1000E+01      0.9423E+00  0.00000000E+00      297.93517      298.15000
       20.7969669      0.1000E+01      0.9423E+00  0.00000000E+00      297.94220      298.15000
       21.4289060      0.1000E+01      0.9423E+00  0.00000000E+00      297.94978      298.15000
       22.0800473      0.1000E+01      0.9423E+00  0.00000000E+00      297.95793      298.15000
       22.7509743      0.1000E+01      0.9423E+00  0.00000000E+00      297.96666      298.15000
       23.4422882      0.1000E+01      0.9423E+00  0.00000000E+00      297.97597      298.15000
       24.1546083      0.1000E+01      0.9422E+00  0.00000000E+00      297.98581      298.15000
       24.8885732      0.1000E+01      0.9422E+00  0.00000000E+00      297.99614      298.15000
       25.6448404      0.1000E+01      0.9422E+00  0.00000000E+00      298.00615      298.15000
       26.4240876      0.1000E+01      0.9422E+00  0.00000000E+00      298.01606      298.15000
       27.2270131      0.1000E+01      0.9422E+00  0.00000000E+00      298.02640      298.15000
       28.0543364      0.1000E+01      0.9422E+00  0.00000000E+00      298.03708      298.15000
       28.9067988      0.1000E+01      0.9422E+00  0.00000000E+00      298.04788      298.15000
       29.7851643      0.1000E+01      0.9422E+00  0.00000000E+00      298.05871      298.15000
       30.6902199      0.1000E+01      0.9422E+00  0.00000000E+00      298.06935      298.15000
       31.6227766      0.1000E+01      0.9422E+00  0.00000000E+00      298.07963      298.15000
       32.5836701      0.1000E+01      0.9422E+00  0.00000000E+00      298.08919      298.15000
       33.5737614      0.1000E+01      0.9422E+00  0.00000000E+00      298.09816      298.15000
       34.5939378      0.9999E+00      0.9422E+00  0.41613007E-11      298.03526      298.15000
       35.6451133      0.9999E+00      0.9422E+00  0.41613007E-11      298.05200      298.15000
       36.7282300      0.9999E+00      0.9422E+00  0.41613731E-11      298.06849      298.15000
       37.8442585      0.9999E+00      0.9422E+00  0.41617723E-11      298.08403      298.15000
       38.9941987      0.9999E+00      0.9421E+00  0.41624157E-11      298.09796      298.15000
       40.1790811      0.9999E+00      0.9421E+00  0.41632173E-11      298.11022      298.15000
       41.3999675      0.9999E+00      0.9421E+00  0.41641227E-11      298.11979      298.15000
       42.6579519      0.9999E+00      0.9421E+00  0.41650989E-11      298.12815      298.15000
       43.9541615      0.9999E+00      0.9421E+00  0.41661284E-11      298.13435      298.15000
       45.2897580      0.9999E+00      0.9421E+00  0.41672048E-11      298.13900      298.15000
       46.6659380      0.9999E+00      0.9421E+00  0.41683289E-11      298.14243      298.15000
       48.0839348      0.9999E+00      0.9421E+00  0.41695224E-11      298.14487      298.15000
       49.5450191      0.9999E+00      0.9421E+00  0.41707892E-11      298.14659      298.15000
       51.0505000      0.9999E+00      0.9421E+00  0.41721283E-11      298.14778      298.15000
       52.6017266      0.9999E+00      0.9420E+00  0.41735340E-11      298.14790      298.15000
       54.2000890      0.9999E+00      0.9420E+00  0.41750078E-11      298.14911      298.15000
       55.8470195      0.9999E+00      0.9420E+00  0.41765457E-11      298.14945      298.15000
       57.5439937      0.9999E+00      0.9420E+00  0.41781561E-11      298.14967      298.15000
       59.2925325      0.9999E+00      0.9420E+00  0.41798321E-11      298.14980      298.15000
       61.0942025      0.9999E+00      0.9420E+00  0.41815801E-11      298.14988      298.15000
       62.9506183      0.9999E+00      0.9420E+00  0.41834005E-11      298.14993      298.15000
       64.8634434      0.9999E+00      0.9420E+00  0.41852977E-11      298.14992      298.15000
       66.8343918      0.9999E+00      0.9419E+00  0.41872694E-11      298.14993      298.15000
       68.8652296      0.9999E+00      0.9419E+00  0.41893253E-11      298.14995      298.15000
       70.9577768      0.9999E+00      0.9419E+00  0.41914641E-11      298.14998      298.15000
       73.1139083      0.9999E+00      0.9419E+00  0.41936862E-11      298.14991      298.15000
       75.3355564      0.9999E+00      0.9419E+00  0.41960044E-11      298.14992      298.15000
       77.6247117      0.9999E+00      0.9419E+00  0.41984137E-11      298.15027      298.15000
       79.9834255      0.9999E+00      0.9418E+00  0.42009159E-11      298.14991      298.15000
       82.4138115      0.9999E+00      0.9418E+00  0.42035211E-11      298.14987      298.15000
       84.9180475      0.9999E+00      0.9418E+00  0.42062123E-11      298.14989      298.15000
       87.4983775      0.9999E+00      0.9418E+00  0.42090411E-11      298.14983      298.15000
       90.1571138      0.9999E+00      0.9418E+00  0.42119655E-11      298.14982      298.15000
       92.8966387      0.9999E+00      0.9417E+00  0.42150021E-11      298.15004      298.15000
       95.7194071      0.9999E+00      0.9417E+00  0.42181630E-11      298.14980      298.15000
       98.6279486      0.9999E+00      0.9417E+00  0.42214454E-11      298.15004      298.15000
      101.6248693      0.9999E+00      0.9417E+00  0.42248512E-11      298.15004      298.15000
      104.7128548      0.9998E+00      0.9417E+00  0.42283945E-11      298.14980      298.15000
      107.8946722      0.9998E+00      0.9416E+00  0.42320696E-11      298.14980      298.15000
      111.1731727      0.9998E+00      0.9416E+00  0.42358929E-11      298.15018      298.15000
      114.5512941      0.9998E+00      0.9416E+00  0.42398568E-11      298.15002      298.15000
      118.0320636      0.9998E+00      0.9416E+00  0.42439773E-11      298.15016      298.15000
      121.6186001      0.9998E+00      0.9415E+00  0.42482529E-11      298.14933      298.15000
      125.3141175      0.9998E+00      0.9415E+00  0.42526870E-11      298.15003      298.15000
      129.1219274      0.9998E+00      0.9415E+00  0.42572954E-11      298.14997      298.15000
      133.0454418      0.9998E+00      0.9415E+00  0.42620788E-11      298.14996      298.15000
      137.0881766      0.9998E+00      0.9414E+00  0.42670356E-11      298.14996      298.15000
      141.2537545      0.9998E+00      0.9414E+00  0.42721882E-11      298.15009      298.15000
      145.5459081      0.9998E+00      0.9414E+00  0.42775327E-11      298.14967      298.15000
      149.9684836      0.9998E+00      0.9413E+00  0.42830698E-11      298.14981      298.15000
      154.5254440      0.9998E+00      0.9413E+00  0.42888250E-11      298.14993      298.15000
      159.2208727      0.9998E+00      0.9413E+00  0.42947904E-11      298.14988      298.15000
      164.0589773      0.9998E+00      0.9412E+00  0.43009740E-11      298.14995      298.15000
      169.0440932      0.9998E+00      0.9412E+00  0.43073914E-11      298.14986      298.15000
      174.1806873      0.9998E+00      0.9412E+00  0.43140445E-11      298.14995      298.15000
      179.4733627      0.9997E+00      0.9411E+00  0.43209497E-11      298.14985      298.15000
      184.9268619      0.9997E+00      0.9411E+00  0.43281016E-11      298.14989      298.15000
      190.5460718      0.9997E+00      0.9410E+00  0.43355257E-11      298.15006      298.15000
      196.3360277      0.9997E+00      0.9410E+00  0.43432203E-11      298.15007      298.15000
      202.3019179      0.9997E+00      0.9410E+00  0.43511987E-11      298.14987      298.15000
      208.4490883      0.9997E+00      0.9409E+00  0.43594663E-11      298.14970      298.15000
      214.7830474      0.9997E+00      0.9409E+00  0.43680228E-11      298.14989      298.15000
      221.3094710      0.9997E+00      0.9408E+00  0.43769111E-11      298.14989      298.15000
      228.0342072      0.9997E+00      0.9408E+00  0.43861304E-11      298.14995      298.15000
      234.9632821      0.9997E+00      0.9407E+00  0.43956812E-11      298.14992      298.15000
      242.1029047      0.9997E+00      0.9407E+00  0.44055635E-11      298.14989      298.15000
      249.4594727      0.9996E+00      0.9406E+00  0.44158275E-11      298.14997      298.15000
      257.0395783      0.9996E+00      0.9406E+00  0.44264447E-11      298.14991      298.15000
      264.8500139      0.9996E+00      0.9405E+00  0.44374611E-11      298.14997      298.15000
      272.8977783      0.9996E+00      0.9404E+00  0.44488722E-11      298.14996      298.15000
      281.1900830      0.9996E+00      0.9404E+00  0.44606952E-11      298.15001      298.15000
      289.7343588      0.9996E+00      0.9403E+00  0.44729254E-11      298.14986      298.15000
      298.5382619      0.9996E+00      0.9403E+00  0.44856234E-11      298.14987      298.15000
      307.6096815      0.9996E+00      0.9402E+00  0.44987690E-11      298.14986      298.15000
      316.9567463      0.9996E+00      0.9401E+00  0.45124159E-11      298.14971      298.15000
      326.5878322      0.9995E+00      0.9401E+00  0.45265323E-11      298.14952      298.15000
      336.5115694      0.9995E+00      0.9400E+00  0.45411550E-11      298.14998      298.15000
      346.7368505      0.9995E+00      0.9399E+00  0.45562946E-11      298.14991      298.15000
      357.2728382      0.9995E+00      0.9398E+00  0.45719900E-11      298.14987      298.15000
      368.1289736      0.9995E+00      0.9398E+00  0.45882110E-11      298.14986      298.15000
      379.3149850      0.9995E+00      0.9397E+00  0.46051015E-11      298.14991      298.15000
      390.8408958      0.9995E+00      0.9396E+00  0.46225411E-11      298.14990      298.15000
      402.7170343      0.9994E+00      0.9395E+00  0.46406356E-11      298.14971      298.15000
      414.9540426      0.9994E+00      0.9394E+00  0.46593637E-11      298.14962      298.15000
      427.5628862      0.9994E+00      0.9393E+00  0.46787531E-11      298.14988      298.15000
      440.5548635      0.9994E+00      0.9392E+00  0.46988134E-11      298.14985      298.15000
      453.9416167      0.9994E+00      0.9391E+00  0.47195791E-11      298.14986      298.15000
      467.7351413      0.9994E+00      0.9390E+00  0.47412378E-11      298.14981      298.15000
      481.9477976      0.9993E+00      0.9389E+00  0.47635492E-11      298.14986      298.15000
      496.5923215      0.9993E+00      0.9388E+00  0.47867295E-11      298.14964      298.15000
      511.6818355      0.9993E+00      0.9387E+00  0.48107096E-11      298.14984      298.15000
      527.2298614      0.9993E+00      0.9386E+00  0.48355465E-11      298.14982      298.15000
      543.2503315      0.9993E+00      0.9385E+00  0.48612843E-11      298.14985      298.15000
      559.7576015      0.9992E+00      0.9384E+00  0.48879525E-11      298.14983      298.15000
      576.7664634      0.9992E+00      0.9382E+00  0.49155108E-11      298.14985      298.15000
      594.2921586      0.9992E+00      0.9381E+00  0.49441759E-11      298.14987      298.15000
      612.3503917      0.9992E+00      0.9380E+00  0.49738306E-11      298.14986      298.15000
      630.9573445      0.9991E+00      0.9379E+00  0.50045424E-11      298.14986      298.15000
      650.1296903      0.9991E+00      0.9377E+00  0.50364551E-11      298.14985      298.15000
      669.8846094      0.9991E+00      0.9376E+00  0.50694206E-11      298.14987      298.15000
      690.2398038      0.9991E+00      0.9374E+00  0.51036415E-11      298.14983      298.15000
      711.2135137      0.9990E+00      0.9373E+00  0.51390917E-11      298.14986      298.15000
      732.8245331      0.9990E+00      0.9371E+00  0.51758850E-11      298.14995      298.15000
      755.0922277      0.9990E+00      0.9370E+00  0.52139065E-11      298.14985      298.15000
      778.0365510      0.9990E+00      0.9368E+00  0.52534854E-11      298.14961      298.15000
      801.6780634      0.9989E+00      0.9366E+00  0.52944417E-11      298.14995      298.15000
      826.0379496      0.9989E+00      0.9364E+00  0.53369006E-11      298.14999      298.15000
      851.1380382      0.9989E+00      0.9363E+00  0.53807873E-11      298.14984      298.15000
      877.0008211      0.9988E+00      0.9361E+00  0.54264782E-11      298.14985      298.15000
      903.6494737      0.9988E+00      0.9359E+00  0.54739351E-11      298.14983      298.15000
      931.1078755      0.9988E+00      0.9357E+00  0.55231103E-11      298.14987      298.15000
      959.4006315      0.9987E+00      0.9355E+00  0.55741393E-11      298.14982      298.15000
      988.5530947      0.9987E+00      0.9353E+00  0.56270367E-11      298.14984      298.15000
     1018.5913881      0.9987E+00      0.9351E+00  0.56819777E-11      298.14957      298.15000
     1049.5424287      0.9986E+00      0.9348E+00  0.57389901E-11      298.14992      298.15000
     1081.4339513      0.9986E+00      0.9346E+00  0.57981403E-11      298.14983      298.15000
     1114.2945336      0.9985E+00      0.9344E+00  0.58596268E-11      298.14986      298.15000
     1148.1536215      0.9985E+00      0.9341E+00  0.59234664E-11      298.14982      298.15000
     1183.0415557      0.9984E+00      0.9339E+00  0.59897803E-11      298.14984      298.15000
     1218.9895989      0.9984E+00      0.9336E+00  0.60588012E-11      298.14984      298.15000
     1256.0299637      0.9984E+00      0.9334E+00  0.61304765E-11      298.14988      298.15000
     1294.1958414      0.9983E+00      0.9331E+00  0.62050109E-11      298.14963      298.15000
     1333.5214322      0.9983E+00      0.9328E+00  0.62825342E-11      298.14960      298.15000
     1374.0419750      0.9982E+00      0.9325E+00  0.63632011E-11      298.14956      298.15000
     1415.7937800      0.9982E+00      0.9322E+00  0.64471414E-11      298.14983      298.15000
     1458.8142603      0.9981E+00      0.9319E+00  0.65344545E-11      298.14982      298.15000
     1503.1419661      0.9980E+00      0.9316E+00  0.66256952E-11      298.14968      298.15000
     1548.8166189      0.9980E+00      0.9313E+00  0.67206686E-11      298.14976      298.15000
     1595.8791472      0.9979E+00      0.9309E+00  0.68197003E-11      298.14978      298.15000
     1644.3717232      0.9979E+00      0.9306E+00  0.69230674E-11      298.14976      298.15000
     1694.3378004      0.9978E+00      0.9302E+00  0.70308692E-11      298.14980      298.15000
     1745.8221529      0.9977E+00      0.9299E+00  0.71438405E-11      298.14996      298.15000
     1798.8709151      0.9977E+00      0.9295E+00  0.72617833E-11      298.14971      298.15000
     1853.5316234      0.9976E+00      0.9291E+00  0.73852580E-11      298.14984      298.15000
     1909.8532586      0.9975E+00      0.9287E+00  0.75146830E-11      298.14978      298.15000
     1967.8862897      0.9975E+00      0.9283E+00  0.76503548E-11      298.14987      298.15000
     2027.6827195      0.9974E+00      0.9279E+00  0.77927990E-11      298.14979      298.15000
     2089.2961309      0.9973E+00      0.9274E+00  0.79426498E-11      298.14990      298.15000
     2152.7817347      0.9972E+00      0.9270E+00  0.81002980E-11      298.14976      298.15000
     2218.1964198      0.9972E+00      0.9265E+00  0.82666440E-11      298.14934      298.15000
     2285.5988034      0.9971E+00      0.9260E+00  0.84420683E-11      298.14994      298.15000
     2355.0492839      0.9970E+00      0.9256E+00  0.86272511E-11      298.14961      298.15000
     2426.6100951      0.9969E+00      0.9250E+00  0.88225379E-11      298.14994      298.15000
     2500.3453617      0.9968E+00      0.9245E+00  0.90274039E-11      298.14993      298.15000
     2576.3211570      0.9967E+00      0.9240E+00  0.92394829E-11      298.14995      298.15000
     2654.6055620      0.9966E+00      0.9234E+00  0.94514847E-11      298.14963      298.15000
     2735.2687263      0.9965E+00      0.9229E+00  0.96458821E-11      298.14971      298.15000
     2818.3829313      0.9964E+00      0.9223E+00  0.97944341E-11      298.14984      298.15000
     2904.0226545      0.9963E+00      0.9217E+00  0.98394511E-11      298.15018      298.15000
     2992.2646366      0.9962E+00      0.9211E+00  0.98813013E-11      298.15012      298.15000
     3083.1879502      0.9961E+00      0.9204E+00  0.99210320E-11      298.15003      298.15000
     3176.8740706      0.9960E+00      0.9198E+00  0.99588808E-11      298.15019      298.15000
     3273.4069488      0.9958E+00      0.9191E+00  0.99953452E-11      298.15017      298.15000
     3372.8730866      0.9957E+00      0.9184E+00  0.10030583E-10      298.15004      298.15000
     3475.3616144      0.9956E+00      0.9177E+00  0.10064953E-10      298.15014      298.15000
     3580.9643710      0.9955E+00      0.9170E+00  0.10098636E-10      298.15007      298.15000
     3689.7759857      0.9953E+00      0.9162E+00  0.10131742E-10      298.15007      298.15000
     3801.8939632      0.9952E+00      0.9154E+00  0.10164436E-10      298.15027      298.15000
     3917.4187711      0.9951E+00      0.9146E+00  0.10196801E-10      298.14996      298.15000
     4036.4539297      0.9949E+00      0.9138E+00  0.10228915E-10      298.15006      298.15000
     4159.1061049      0.9948E+00      0.9130E+00  0.10260759E-10      298.15014      298.15000
     4285.4852040      0.9946E+00      0.9121E+00  0.10292390E-10      298.14971      298.15000
     4415.7044735      0.9945E+00      0.9112E+00  0.10323735E-10      298.14999      298.15000
     4549.8806015      0.9943E+00      0.9103E+00  0.10354912E-10      298.15032      298.15000
     4688.1338215      0.9941E+00      0.9093E+00  0.10385627E-10      298.15024      298.15000
     4830.5880204      0.9939E+00      0.9083E+00  0.10416046E-10      298.15032      298.15000
     4977.3708498      0.9938E+00      0.9073E+00  0.10446016E-10      298.15012      298.15000
     5128.6138399      0.9936E+00      0.9063E+00  0.10475514E-10      298.15013      298.15000
     5284.4525178      0.9934E+00      0.9052E+00  0.10504503E-10      298.14967      298.15000
     5445.0265284      0.9932E+00      0.9041E+00  0.10532722E-10      298.15027      298.15000
     5610.4797603      0.9930E+00      0.9030E+00  0.10560342E-10      298.14943      298.15000
     5780.9604741      0.9928E+00      0.9018E+00  0.10587102E-10      298.14923      298.15000
     5956.6214353      0.9926E+00      0.9006E+00  0.10613058E-10      298.14970      298.15000
     6137.6200516      0.9924E+00      0.8994E+00  0.10638118E-10      298.14932      298.15000
     6324.1185138      0.9921E+00      0.8981E+00  0.10662162E-10      298.14999      298.15000
     6516.2839406      0.9919E+00      0.8968E+00  0.10685162E-10      298.15032      298.15000
     6714.2885293      0.9916E+00      0.8955E+00  0.10707109E-10      298.15001      298.15000
     6918.3097092      0.9914E+00      0.8941E+00  0.10727923E-10      298.15065      298.15000
     7128.5303013      0.9911E+00      0.8927E+00  0.10747580E-10      298.14997      298.15000
     7345.1386816      0.9909E+00      0.8912E+00  0.10766049E-10      298.14929      298.15000
     7568.3289502      0.9906E+00      0.8897E+00  0.10783337E-10      298.14912      298.15000
     7798.3011052      0.9903E+00      0.8882E+00  0.10799440E-10      298.15017      298.15000
     8035.2612219      0.9900E+00      0.8866E+00  0.10814407E-10      298.15033      298.15000
     8279.4216371      0.9897E+00      0.8850E+00  0.10828106E-10      298.15022      298.15000
     8531.0011402      0.9894E+00      0.8833E+00  0.10840645E-10      298.15063      298.15000
     8790.2251683      0.9891E+00      0.8815E+00  0.10852113E-10      298.15017      298.15000
     9057.3260090      0.9888E+00      0.8798E+00  0.10862512E-10      298.15016      298.15000
     9332.5430080      0.9885E+00      0.8779E+00  0.10871886E-10      298.15005      298.15000
     9616.1227838      0.9881E+00      0.8761E+00  0.10880291E-10      298.14924      298.15000
     9908.3194489      0.9878E+00      0.8741E+00  0.10887785E-10      298.15014      298.15000
    10209.3948371      0.9874E+00      0.8721E+00  0.10894425E-10      298.15022      298.15000
    10519.6187382      0.9870E+00      0.8701E+00  0.10900281E-10      298.15019      298.15000
    10839.2691402      0.9866E+00      0.8680E+00  0.10905411E-10      298.15024      298.15000
    11168.6324778      0.9862E+00      0.8658E+00  0.10909878E-10      298.15012      298.15000
    11508.0038894      0.9858E+00      0.8636E+00  0.10913749E-10      298.15012      298.15000
    11857.6874817      0.9854E+00      0.8614E+00  0.10917078E-10      298.15012      298.15000
    12217.9966016      0.9849E+00      0.8590E+00  0.10919926E-10      298.15013      298.15000
    12589.2541179      0.9845E+00      0.8566E+00  0.10922348E-10      298.15013      298.15000
    12971.7927098      0.9840E+00      0.8541E+00  0.10924394E-10      298.14912      298.15000
    13365.9551655      0.9835E+00      0.8516E+00  0.10926110E-10      298.15012      298.15000
    13772.0946889      0.9831E+00      0.8490E+00  0.10927541E-10      298.15013      298.15000
    14190.5752169      0.9825E+00      0.8463E+00  0.10928726E-10      298.15013      298.15000
    14621.7717446      0.9820E+00      0.8436E+00  0.10929701E-10      298.15012      298.15000
    15066.0706619      0.9815E+00      0.8407E+00  0.10930495E-10      298.14973      298.15000
    15523.8700996      0.9809E+00      0.8378E+00  0.10931139E-10      298.15083      298.15000
    15995.5802861      0.9804E+00      0.8348E+00  0.10931658E-10      298.14986      298.15000
    16481.6239153      0.9798E+00      0.8318E+00  0.10932072E-10      298.14988      298.15000
    16982.4365246      0.9792E+00      0.8286E+00  0.10932400E-10      298.15090      298.15000
    17498.4668862      0.9785E+00      0.8254E+00  0.10932658E-10      298.14987      298.15000
    18030.1774086      0.9779E+00      0.8221E+00  0.10932859E-10      298.14987      298.15000
    18578.0445509      0.9772E+00      0.8187E+00  0.10933014E-10      298.14988      298.15000
    19142.5592502      0.9765E+00      0.8152E+00  0.10933133E-10      298.14987      298.15000
    19724.2273611      0.9758E+00      0.8117E+00  0.10933224E-10      298.14987      298.15000
    20323.5701094      0.9751E+00      0.8080E+00  0.10933292E-10      298.14988      298.15000
    20941.1245585      0.9744E+00      0.8042E+00  0.10933343E-10      298.14987      298.15000
    21577.4440915      0.9736E+00      0.8004E+00  0.10933380E-10      298.14988      298.15000
    22233.0989065      0.9728E+00      0.7964E+00  0.10933407E-10      298.14988      298.15000
    22908.6765277      0.9720E+00      0.7924E+00  0.10933427E-10      298.14987      298.15000
    23604.7823318      0.9712E+00      0.7882E+00  0.10933441E-10      298.14988      298.15000
    24322.0400907      0.9703E+00      0.7840E+00  0.10933451E-10      298.14988      298.15000
    25061.0925303      0.9694E+00      0.7796E+00  0.10933459E-10      298.15022      298.15000
    25822.6019063      0.9685E+00      0.7751E+00  0.10933510E-10      298.15077      298.15000
    26607.2505980      0.9676E+00      0.7705E+00  0.10933540E-10      298.15059      298.15000
    27415.7417193      0.9666E+00      0.7659E+00  0.10933554E-10      298.15054      298.15000
    28248.7997492      0.9656E+00      0.7611E+00  0.10933560E-10      298.15047      298.15000
    29107.1711807      0.9646E+00      0.7561E+00  0.10933564E-10      298.15060      298.15000
    29991.6251899      0.9635E+00      0.7511E+00  0.10933565E-10      298.15049      298.15000
    30902.9543251      0.9625E+00      0.7459E+00  0.10933566E-10      298.15048      298.15000
    31841.9752173      0.9613E+00      0.7407E+00  0.10933566E-10      298.15049      298.15000
    32809.5293113      0.9602E+00      0.7353E+00  0.10933566E-10      298.15037      298.15000
    33806.4836206      0.9590E+00      0.7298E+00  0.10933566E-10      298.15049      298.15000
    34833.7315036      0.9578E+00      0.7241E+00  0.10933566E-10      298.15048      298.15000
    35892.1934645      0.9565E+00      0.7184E+00  0.10933566E-10      298.15049      298.15000
    36982.8179780      0.9553E+00      0.7125E+00  0.10933566E-10      298.15060      298.15000
    38106.5823394      0.9539E+00      0.7064E+00  0.10933566E-10      298.15059      298.15000
    39264.4935400      0.9526E+00      0.7003E+00  0.10933566E-10      298.15048      298.15000
    40457.5891697      0.9512E+00      0.6940E+00  0.10933566E-10      298.15050      298.15000
    41686.9383470      0.9497E+00      0.6876E+00  0.10933566E-10      298.15052      298.15000
    42953.6426765      0.9482E+00      0.6810E+00  0.10933566E-10      298.15059      298.15000
    44258.8372363      0.9467E+00      0.6744E+00  0.10933566E-10      298.15044      298.15000
    45603.6915951      0.9451E+00      0.6676E+00  0.10933566E-10      298.15049      298.15000
    46989.4108605      0.9435E+00      0.6606E+00  0.10933566E-10      298.15050      298.15000
    48417.2367584      0.9419E+00      0.6535E+00  0.10933566E-10      298.15050      298.15000
    49888.4487460      0.9402E+00      0.6463E+00  0.10933566E-10      298.15060      298.15000
    51404.3651582      0.9384E+00      0.6389E+00  0.10933566E-10      298.15046      298.15000
    52966.3443892      0.9366E+00      0.6314E+00  0.10933566E-10      298.15049      298.15000
    54575.7861091      0.9347E+00      0.6238E+00  0.10933566E-10      298.15047      298.15000
    56234.1325190      0.9328E+00      0.6160E+00  0.10933566E-10      298.15061      298.15000
    57942.8696427      0.9308E+00      0.6081E+00  0.10933566E-10      298.15054      298.15000
    59703.5286584      0.9288E+00      0.6001E+00  0.10933566E-10      298.15058      298.15000
    61517.6872710      0.9267E+00      0.5919E+00  0.10933566E-10      298.15051      298.15000
    63386.9711257      0.9246E+00      0.5836E+00  0.10933566E-10      298.15062      298.15000
    65313.0552647      0.9224E+00      0.5752E+00  0.10933566E-10      298.15048      298.15000
    67297.6656284      0.9201E+00      0.5667E+00  0.10933566E-10      298.15050      298.15000
    69342.5806017      0.9178E+00      0.5580E+00  0.10933566E-10      298.15057      298.15000
    71449.6326076      0.9154E+00      0.5492E+00  0.10933566E-10      298.15048      298.15000
    73620.7097495      0.9130E+00      0.5402E+00  0.10933566E-10      298.15059      298.15000
    75857.7575029      0.9105E+00      0.5312E+00  0.10933566E-10      298.15060      298.15000
    78162.7804588      0.9079E+00      0.5220E+00  0.10933566E-10      298.15057      298.15000
    80537.8441199      0.9052E+00      0.5127E+00  0.10933566E-10      298.15042      298.15000
    82985.0767514      0.9025E+00      0.5033E+00  0.10933566E-10      298.15046      298.15000
    85506.6712885      0.8997E+00      0.4938E+00  0.10933566E-10      298.15049      298.15000
    88104.8873008      0.8968E+00      0.4842E+00  0.10933566E-10      298.15048      298.15000
    90782.0530178      0.8938E+00      0.4746E+00  0.10933566E-10      298.15048      298.15000
    93540.5674148      0.8908E+00      0.4648E+00  0.10933566E-10      298.15048      298.15000
    96382.9023624      0.8877E+00      0.4549E+00  0.10933566E-10      298.15048      298.15000
    99311.6048421      0.8845E+00      0.4449E+00  0.10933566E-10      298.15043      298.15000
   102329.2992281      0.8812E+00      0.4349E+00  0.10933566E-10      298.15057      298.15000
   105438.6896391      0.8778E+00      0.4248E+00  0.10933566E-10      298.15048      298.15000
   108642.5623617      0.8743E+00      0.4147E+00  0.10933566E-10      298.15046      298.15000
   111943.7883467      0.8708E+00      0.4045E+00  0.10933566E-10      298.15050      298.15000
   115345.3257821      0.8671E+00      0.3942E+00  0.10933566E-10      298.15059      298.15000
   118850.2227437      0.8634E+00      0.3839E+00  0.10933566E-10      298.15059      298.15000
   122461.6199265      0.8595E+00      0.3736E+00  0.10933566E-10      298.15048      298.15000
   126182.7534591      0.8556E+00      0.3632E+00  0.10933566E-10      298.15045      298.15000
   130016.9578033      0.8516E+00      0.3528E+00  0.10933566E-10      298.15049      298.15000
   133967.6687426      0.8474E+00      0.3425E+00  0.10933566E-10      298.15049      298.15000
   138038.4264603      0.8432E+00      0.3321E+00  0.10933566E-10      298.15053      298.15000
   142232.8787123      0.8388E+00      0.3217E+00  0.10933566E-10      298.15057      298.15000
   146554.7840956      0.8344E+00      0.3114E+00  0.10933566E-10      298.15051      298.15000
   151008.0154164      0.8298E+00      0.3011E+00  0.10933566E-10      298.15049      298.15000
   155596.5631605      0.8251E+00      0.2909E+00  0.10933566E-10      298.15048      298.15000
   160324.5390690      0.8203E+00      0.2807E+00  0.10933566E-10      298.15058      298.15000
   165196.1798229      0.8154E+00      0.2705E+00  0.10933566E-10      298.15046      298.15000
   170215.8508395      0.8103E+00      0.2604E+00  0.10933566E-10      298.15045      298.15000
   175388.0501842      0.8052E+00      0.2505E+00  0.10933566E-10      298.15059      298.15000
   180717.4126011      0.7999E+00      0.2406E+00  0.10933566E-10      298.15058      298.15000
   186208.7136663      0.7945E+00      0.2308E+00  0.10933566E-10      298.15044      298.15000
   191866.8740670      0.7890E+00      0.2212E+00  0.10933566E-10      298.15049      298.15000
   197696.9640112      0.7833E+00      0.2116E+00  0.10933566E-10      298.15056      298.15000
   203704.2077706      0.7775E+00      0.2022E+00  0.10933566E-10      298.15048      298.15000
   209893.9883624      0.7716E+00      0.1930E+00  0.10933566E-10      298.15049      298.15000
   216271.8523727      0.7655E+00      0.1839E+00  0.10933566E-10      298.15048      298.15000
   222843.5149270      0.7594E+00      0.1750E+00  0.10933566E-10      298.15048      298.15000
   229614.8648112      0.7530E+00      0.1663E+00  0.10933566E-10      298.15047      298.15000
   236591.9697486      0.7466E+00      0.1578E+00  0.10933566E-10      298.15054      298.15000
   243781.0818369      0.7400E+00      0.1494E+00  0.10933566E-10      298.15048      298.15000
   251188.6431510      0.7333E+00      0.1413E+00  0.10933566E-10      298.15047      298.15000
   258821.2915153      0.7264E+00      0.1334E+00  0.10933566E-10      298.15058      298.15000
   266685.8664521      0.7194E+00      0.1257E+00  0.10933566E-10      298.15048      298.15000
   274789.4153102      0.7122E+00      0.1182E+00  0.10933566E-10      298.15048      298.15000
   283139.1995799      0.7049E+00      0.1110E+00  0.10933566E-10      298.15051      298.15000
   291742.7014001      0.6975E+00      0.1040E+00  0.10933566E-10      298.15060      298.15000
   300607.6302628      0.6899E+00      0.9727E-01  0.10933566E-10      298.15059      298.15000
   309741.9299217      0.6821E+00      0.9079E-01  0.10933566E-10      298.15048      298.15000
   319153.7855101      0.6743E+00      0.8456E-01  0.10933566E-10      298.15055      298.15000
   328851.6308760      0.6663E+00      0.7859E-01  0.10933566E-10      298.15060      298.15000
   338844.1561392      0.6581E+00      0.7287E-01  0.10933566E-10      298.15047      298.15000
   349140.3154786      0.6498E+00      0.6742E-01  0.10933566E-10      298.15060      298.15000
   359749.3351557      0.6413E+00      0.6223E-01  0.10933566E-10      298.15048      298.15000
   370680.7217826      0.6328E+00      0.5730E-01  0.10933566E-10      298.15060      298.15000
   381944.2708400      0.6240E+00      0.5262E-01  0.10933566E-10      298.15037      298.15000
   393550.0754558      0.6152E+00      0.4821E-01  0.10933566E-10      298.15047      298.15000
   405508.5354484      0.6062E+00      0.4404E-01  0.10933566E-10      298.15048      298.15000
   417830.3666466      0.5970E+00      0.4013E-01  0.10933566E-10      298.15048      298.15000
   430526.6104917      0.5877E+00      0.3646E-01  0.10933566E-10      298.15057      298.15000
   443608.6439314      0.5783E+00      0.3303E-01  0.10933566E-10      298.15051      298.15000
   457088.1896149      0.5688E+00      0.2983E-01  0.10933566E-10      298.15043      298.15000
   470977.3263970      0.5591E+00      0.2686E-01  0.10933566E-10      298.15048      298.15000
   485288.5001621      0.5494E+00      0.2411E-01  0.10933566E-10      298.15054      298.15000
   500034.5349770      0.5395E+00      0.2157E-01  0.10933566E-10      298.15047      298.15000
   515228.6445818      0.5295E+00      0.1923E-01  0.10933566E-10      298.15048      298.15000
   530884.4442310      0.5193E+00      0.1709E-01  0.10933566E-10      298.15051      298.15000
   547015.9628940      0.5091E+00      0.1513E-01  0.10933566E-10      298.15057      298.15000
   563637.6558260      0.4988E+00      0.1334E-01  0.10933566E-10      298.15059      298.15000
   580764.4175213      0.4884E+00      0.1172E-01  0.10933566E-10      298.15048      298.15000
   598411.5950603      0.4779E+00      0.1026E-01  0.10933566E-10      298.15051      298.15000
   616595.0018615      0.4673E+00      0.8943E-02  0.10933566E-10      298.15049      298.15000
   635330.9318517      0.4566E+00      0.7763E-02  0.10933565E-10      298.15049      298.15000
   654636.1740673      0.4459E+00      0.6709E-02  0.10933565E-10      298.15048      298.15000
   674528.0276979      0.4351E+00      0.5773E-02  0.10933565E-10      298.15048      298.15000
   695024.3175888      0.4243E+00      0.4945E-02  0.10933565E-10      298.15048      298.15000
   716143.4102129      0.4134E+00      0.4216E-02  0.10933565E-10      298.15048      298.15000
   737904.2301291      0.4025E+00      0.3577E-02  0.10933565E-10      298.15049      298.15000
   760326.2769402      0.3915E+00      0.3020E-02  0.10933565E-10      298.15048      298.15000
   783429.6427662      0.3805E+00      0.2536E-02  0.10933565E-10      298.15048      298.15000
   807235.0302488      0.3695E+00      0.2119E-02  0.10933565E-10      298.15047      298.15000
   831763.7711027      0.3585E+00      0.1761E-02  0.10933565E-10      298.15049      298.15000
   857037.8452304      0.3476E+00      0.1455E-02  0.10933565E-10      298.15045      298.15000
   883079.9004186      0.3366E+00      0.1195E-02  0.10933565E-10      298.15048      298.15000
   909913.2726322      0.3257E+00      0.9757E-03  0.10933565E-10      298.15058      298.15000
   937562.0069259      0.3148E+00      0.7918E-03  0.10933565E-10      298.15048      298.15000
   966050.8789898      0.3040E+00      0.6385E-03  0.10933565E-10      298.15044      298.15000
   995405.4173515      0.2932E+00      0.5115E-03  0.10933565E-10      298.15056      298.15000
  1025651.9262514      0.2825E+00      0.4070E-03  0.10933565E-10      298.15062      298.15000
  1056817.5092137      0.2719E+00      0.3217E-03  0.10933565E-10      298.15047      298.15000
  1088930.0933334      0.2613E+00      0.2524E-03  0.10933565E-10      298.15048      298.15000
  1122018.4543020      0.2509E+00      0.1966E-03  0.10933565E-10      298.15046      298.15000
  1156112.2421921      0.2406E+00      0.1519E-03  0.10933565E-10      298.15050      298.15000
  1191242.0080274      0.2305E+00      0.1165E-03  0.10933565E-10      298.15059      298.15000
  1227439.2311584      0.2204E+00      0.8866E-04  0.10933565E-10      298.15055      298.15000
  1264736.3474711      0.2106E+00      0.6689E-04  0.10933565E-10      298.15048      298.15000
  1303166.7784523      0.2009E+00      0.5004E-04  0.10933565E-10      298.15048      298.15000
  1342764.9611379      0.1913E+00      0.3710E-04  0.10933565E-10      298.15058      298.15000
  1383566.3789718      0.1820E+00      0.2726E-04  0.10933565E-10      298.15048      298.15000
  1425607.5936022      0.1728E+00      0.1985E-04  0.10933565E-10      298.15048      298.15000
  1468926.2776439      0.1639E+00      0.1431E-04  0.10933565E-10      298.15048      298.15000
  1513561.2484362      0.1551E+00      0.1021E-04  0.10933565E-10      298.15048      298.15000
  1559552.5028270      0.1466E+00      0.7216E-05  0.10933565E-10      298.15048      298.15000
  1606941.2530129      0.1384E+00      0.5045E-05  0.10933565E-10      298.15057      298.15000
  1655769.9634695      0.1303E+00      0.3489E-05  0.10933565E-10      298.15049      298.15000
  1706082.3890031      0.1225E+00      0.2386E-05  0.10933565E-10      298.15048      298.15000
