   0.000000E+00   0.378965E-10
   0.230523E-01   0.396118E-10
   0.454108E-01   0.414852E-10
   0.671066E-01   0.435332E-10
   0.881693E-01   0.457743E-10
   0.108626E+00   0.482292E-10
   0.128504E+00   0.509213E-10
   0.147827E+00   0.538769E-10
   0.166618E+00   0.571258E-10
   0.184900E+00   0.607019E-10
   0.202693E+00   0.646432E-10
   0.220017E+00   0.689933E-10
   0.236890E+00   0.738012E-10
   0.253331E+00   0.791233E-10
   0.269356E+00   0.850235E-10
   0.284981E+00   0.915748E-10
   0.300222E+00   0.988607E-10
   0.315092E+00   0.106977E-09
   0.329606E+00   0.116034E-09
   0.343776E+00   0.126156E-09
   0.357616E+00   0.137490E-09
   0.371136E+00   0.150203E-09
   0.384348E+00   0.164487E-09
   0.397264E+00   0.180566E-09
   0.409893E+00   0.198697E-09
   0.422246E+00   0.219181E-09
   0.434331E+00   0.242365E-09
   0.446158E+00   0.268653E-09
   0.457736E+00   0.298516E-09
   0.469073E+00   0.332503E-09
   0.480176E+00   0.371256E-09
   0.491055E+00   0.415525E-09
   0.501715E+00   0.466187E-09
   0.512164E+00   0.524275E-09
   0.522408E+00   0.590997E-09
   0.532455E+00   0.667778E-09
   0.542311E+00   0.756292E-09
   0.551981E+00   0.858516E-09
   0.561472E+00   0.976782E-09
   0.570789E+00   0.111384E-08
   0.579937E+00   0.127297E-08
   0.588923E+00   0.145801E-08
   0.597750E+00   0.167355E-08
   0.606424E+00   0.192502E-08
   0.614949E+00   0.221888E-08
   0.623331E+00   0.256281E-08
   0.631574E+00   0.296594E-08
   0.639682E+00   0.343914E-08
   0.647659E+00   0.399538E-08
   0.655509E+00   0.465013E-08
   0.663237E+00   0.542182E-08
   0.670847E+00   0.633249E-08
   0.678341E+00   0.740843E-08
   0.685725E+00   0.868108E-08
   0.693002E+00   0.101880E-07
   0.700175E+00   0.119741E-07
   0.707247E+00   0.140930E-07
   0.714224E+00   0.166089E-07
   0.721107E+00   0.195985E-07
   0.727901E+00   0.231535E-07
   0.734608E+00   0.273835E-07
   0.741233E+00   0.324193E-07
   0.747779E+00   0.384172E-07
   0.754249E+00   0.455635E-07
   0.760646E+00   0.540807E-07
   0.766975E+00   0.642334E-07
   0.773238E+00   0.763372E-07
   0.779440E+00   0.907667E-07
   0.785583E+00   0.107967E-06
   0.791672E+00   0.128467E-06
   0.797711E+00   0.152893E-06
   0.803703E+00   0.181982E-06
   0.809653E+00   0.216611E-06
   0.815566E+00   0.257807E-06
   0.821445E+00   0.306782E-06
   0.827296E+00   0.364956E-06
   0.833125E+00   0.433993E-06
   0.838936E+00   0.515836E-06
   0.844735E+00   0.612746E-06
   0.850530E+00   0.727353E-06
   0.856327E+00   0.862699E-06
   0.862134E+00   0.102230E-05
   0.867961E+00   0.121019E-05
   0.873815E+00   0.143100E-05
   0.879709E+00   0.169001E-05
   0.885654E+00   0.199324E-05
   0.891665E+00   0.234749E-05
   0.897756E+00   0.276042E-05
   0.903946E+00   0.324061E-05
   0.910256E+00   0.379765E-05
   0.916710E+00   0.444215E-05
   0.923338E+00   0.518581E-05
   0.930173E+00   0.604145E-05
   0.937256E+00   0.702300E-05
   0.944638E+00   0.814549E-05
   0.952380E+00   0.942500E-05
   0.960558E+00   0.108786E-04
   0.969267E+00   0.125242E-04
   0.978630E+00   0.143804E-04
   0.988804E+00   0.164662E-04
   0.100000E+01   0.188010E-04
