   0.000000E+00   0.350000E-07   0.120945E-10   0.184636E-10   0.880650E-13   0.548621E-12   0.700000E-08
   0.100000E-01   0.350936E-07   0.121319E-10   0.185206E-10   0.903396E-13   0.575097E-12   0.701872E-08
   0.200000E-01   0.351874E-07   0.121693E-10   0.185778E-10   0.932156E-13   0.604878E-12   0.703749E-08
   0.300000E-01   0.352815E-07   0.122069E-10   0.186351E-10   0.968142E-13   0.638344E-12   0.705631E-08
   0.400000E-01   0.353759E-07   0.122446E-10   0.186927E-10   0.101285E-12   0.675930E-12   0.707518E-08
   0.500000E-01   0.354705E-07   0.122824E-10   0.187504E-10   0.106815E-12   0.718142E-12   0.709410E-08
   0.600000E-01   0.355653E-07   0.123203E-10   0.188083E-10   0.113640E-12   0.765560E-12   0.711307E-08
   0.700000E-01   0.356605E-07   0.123584E-10   0.188664E-10   0.122060E-12   0.818859E-12   0.713209E-08
   0.800000E-01   0.357558E-07   0.123965E-10   0.189246E-10   0.132460E-12   0.878818E-12   0.715116E-08
   0.900000E-01   0.358514E-07   0.124348E-10   0.189830E-10   0.145344E-12   0.946339E-12   0.717029E-08
   0.100000E+00   0.359473E-07   0.124732E-10   0.190417E-10   0.161370E-12   0.102247E-11   0.718946E-08
   0.110000E+00   0.360434E-07   0.125117E-10   0.191005E-10   0.181410E-12   0.110843E-11   0.720869E-08
   0.120000E+00   0.361398E-07   0.125504E-10   0.191594E-10   0.206633E-12   0.120565E-11   0.722797E-08
   0.130000E+00   0.362365E-07   0.125891E-10   0.192186E-10   0.238616E-12   0.131577E-11   0.724730E-08
   0.140000E+00   0.363334E-07   0.126280E-10   0.192779E-10   0.279509E-12   0.144073E-11   0.726668E-08
   0.150000E+00   0.364305E-07   0.126670E-10   0.193375E-10   0.332272E-12   0.158280E-11   0.728611E-08
   0.160000E+00   0.365280E-07   0.127061E-10   0.193972E-10   0.401018E-12   0.174464E-11   0.730559E-08
   0.170000E+00   0.366256E-07   0.127453E-10   0.194571E-10   0.491520E-12   0.192937E-11   0.732513E-08
   0.180000E+00   0.367236E-07   0.127847E-10   0.195171E-10   0.611954E-12   0.214068E-11   0.734472E-08
   0.190000E+00   0.368218E-07   0.128241E-10   0.195774E-10   0.774009E-12   0.238289E-11   0.736436E-08
   0.200000E+00   0.369203E-07   0.128637E-10   0.196379E-10   0.994554E-12   0.266116E-11   0.738405E-08
   0.210000E+00   0.370190E-07   0.129035E-10   0.196985E-10   0.129814E-11   0.298154E-11   0.740380E-08
   0.220000E+00   0.371180E-07   0.129433E-10   0.197593E-10   0.172083E-11   0.335125E-11   0.742360E-08
   0.230000E+00   0.372173E-07   0.129833E-10   0.198203E-10   0.231599E-11   0.377888E-11   0.744345E-08
   0.240000E+00   0.373168E-07   0.130234E-10   0.198815E-10   0.316322E-11   0.427462E-11   0.746336E-08
   0.250000E+00   0.374166E-07   0.130636E-10   0.199429E-10   0.438208E-11   0.485067E-11   0.748331E-08
   0.260000E+00   0.375166E-07   0.131039E-10   0.200045E-10   0.615326E-11   0.552162E-11   0.750333E-08
   0.270000E+00   0.376170E-07   0.131444E-10   0.200663E-10   0.875138E-11   0.630492E-11   0.752339E-08
   0.280000E+00   0.377176E-07   0.131850E-10   0.201282E-10   0.125957E-10   0.722157E-11   0.754351E-08
   0.290000E+00   0.378184E-07   0.132257E-10   0.201904E-10   0.183289E-10   0.829678E-11   0.756368E-08
   0.300000E+00   0.379196E-07   0.132665E-10   0.202527E-10   0.269381E-10   0.956097E-11   0.758391E-08
   0.310000E+00   0.380210E-07   0.133075E-10   0.203153E-10   0.399426E-10   0.110508E-10   0.760419E-08
   0.320000E+00   0.381226E-07   0.133486E-10   0.203780E-10   0.596809E-10   0.128108E-10   0.762453E-08
   0.330000E+00   0.382246E-07   0.133898E-10   0.204409E-10   0.897495E-10   0.148947E-10   0.764492E-08
   0.340000E+00   0.383268E-07   0.134311E-10   0.205040E-10   0.135667E-09   0.173678E-10   0.766536E-08
   0.350000E+00   0.384293E-07   0.134726E-10   0.205673E-10   0.205872E-09   0.203097E-10   0.768586E-08
   0.360000E+00   0.385321E-07   0.135142E-10   0.206309E-10   0.313200E-09   0.238171E-10   0.770641E-08
   0.370000E+00   0.386351E-07   0.135559E-10   0.206946E-10   0.477055E-09   0.280083E-10   0.772702E-08
   0.380000E+00   0.387384E-07   0.135978E-10   0.207585E-10   0.726533E-09   0.330277E-10   0.774768E-08
   0.390000E+00   0.388420E-07   0.136398E-10   0.208226E-10   0.110486E-08   0.390524E-10   0.776840E-08
   0.400000E+00   0.389459E-07   0.136819E-10   0.208868E-10   0.167556E-08   0.462995E-10   0.778918E-08
   0.410000E+00   0.390500E-07   0.137241E-10   0.209513E-10   0.253079E-08   0.550358E-10   0.781001E-08
   0.420000E+00   0.391545E-07   0.137665E-10   0.210160E-10   0.380247E-08   0.655898E-10   0.783089E-08
   0.430000E+00   0.392592E-07   0.138090E-10   0.210809E-10   0.567644E-08   0.783660E-10   0.785183E-08
   0.440000E+00   0.393642E-07   0.138517E-10   0.211460E-10   0.841009E-08   0.938643E-10   0.787283E-08
   0.450000E+00   0.394694E-07   0.138944E-10   0.212113E-10   0.123533E-07   0.112702E-09   0.789388E-08
   0.460000E+00   0.395750E-07   0.139373E-10   0.212768E-10   0.179720E-07   0.135645E-09   0.791499E-08
   0.470000E+00   0.396808E-07   0.139804E-10   0.213425E-10   0.258732E-07   0.163641E-09   0.793616E-08
   0.480000E+00   0.397869E-07   0.140235E-10   0.214084E-10   0.368290E-07   0.197867E-09   0.795738E-08
   0.490000E+00   0.398933E-07   0.140668E-10   0.214745E-10   0.517960E-07   0.239787E-09   0.797866E-08
   0.500000E+00   0.400000E-07   0.141103E-10   0.215408E-10   0.719270E-07   0.291223E-09   0.800000E-08
   0.510000E+00   0.400000E-07   0.156195E-10   0.238449E-10   0.985683E-07   0.354443E-09   0.800000E-08
   0.520000E+00   0.400000E-07   0.172902E-10   0.263953E-10   0.133240E-06   0.432281E-09   0.800000E-08
   0.530000E+00   0.400000E-07   0.191396E-10   0.292186E-10   0.177591E-06   0.528272E-09   0.800000E-08
   0.540000E+00   0.400000E-07   0.211868E-10   0.323439E-10   0.233336E-06   0.646839E-09   0.800000E-08
   0.550000E+00   0.400000E-07   0.234530E-10   0.358034E-10   0.302157E-06   0.793514E-09   0.800000E-08
   0.560000E+00   0.400000E-07   0.259615E-10   0.396330E-10   0.385598E-06   0.975229E-09   0.800000E-08
   0.570000E+00   0.400000E-07   0.287384E-10   0.438722E-10   0.484931E-06   0.120067E-08   0.800000E-08
   0.580000E+00   0.400000E-07   0.320535E-10   0.489331E-10   0.601036E-06   0.148075E-08   0.800000E-08
   0.590000E+00   0.400000E-07   0.360223E-10   0.549918E-10   0.734276E-06   0.182914E-08   0.800000E-08
   0.600000E+00   0.400000E-07   0.404824E-10   0.618006E-10   0.884409E-06   0.226305E-08   0.800000E-08
   0.610000E+00   0.400000E-07   0.454947E-10   0.694524E-10   0.105053E-05   0.280409E-08   0.800000E-08
   0.620000E+00   0.400000E-07   0.511276E-10   0.780517E-10   0.123106E-05   0.347947E-08   0.800000E-08
   0.630000E+00   0.400000E-07   0.574580E-10   0.877157E-10   0.142379E-05   0.432341E-08   0.800000E-08
   0.640000E+00   0.400000E-07   0.645721E-10   0.985762E-10   0.162599E-05   0.537899E-08   0.800000E-08
   0.650000E+00   0.400000E-07   0.725671E-10   0.110781E-09   0.183449E-05   0.670047E-08   0.800000E-08
   0.660000E+00   0.404739E-07   0.883723E-10   0.134910E-09   0.204592E-05   0.835622E-08   0.809478E-08
   0.670000E+00   0.409535E-07   0.107620E-09   0.164293E-09   0.225684E-05   0.104323E-07   0.819069E-08
   0.680000E+00   0.414387E-07   0.131059E-09   0.200076E-09   0.246396E-05   0.130373E-07   0.828773E-08
   0.690000E+00   0.419296E-07   0.159604E-09   0.243653E-09   0.266428E-05   0.163079E-07   0.838593E-08
   0.700000E+00   0.424264E-07   0.194366E-09   0.296721E-09   0.285527E-05   0.204162E-07   0.848528E-08
   0.710000E+00   0.429291E-07   0.236699E-09   0.361346E-09   0.303494E-05   0.255795E-07   0.858581E-08
   0.720000E+00   0.434377E-07   0.288253E-09   0.440048E-09   0.320194E-05   0.320708E-07   0.868754E-08
   0.730000E+00   0.439523E-07   0.363913E-09   0.555551E-09   0.335560E-05   0.402344E-07   0.879047E-08
   0.740000E+00   0.444731E-07   0.459432E-09   0.701372E-09   0.349590E-05   0.505033E-07   0.889462E-08
   0.750000E+00   0.450000E-07   0.580024E-09   0.885468E-09   0.362345E-05   0.634225E-07   0.900000E-08
   0.760000E+00   0.482298E-07   0.732268E-09   0.111788E-08   0.373942E-05   0.796767E-07   0.964596E-08
   0.770000E+00   0.516914E-07   0.924474E-09   0.141131E-08   0.384553E-05   0.100127E-06   0.103383E-07
   0.780000E+00   0.554015E-07   0.116713E-08   0.178175E-08   0.394393E-05   0.125853E-06   0.110803E-07
   0.790000E+00   0.593778E-07   0.147348E-08   0.224942E-08   0.403714E-05   0.158211E-06   0.118756E-07
   0.800000E+00   0.636396E-07   0.186023E-08   0.283984E-08   0.412804E-05   0.198900E-06   0.127279E-07
   0.810000E+00   0.682072E-07   0.234851E-08   0.358524E-08   0.421983E-05   0.250046E-06   0.136414E-07
   0.820000E+00   0.731027E-07   0.296494E-08   0.452630E-08   0.431599E-05   0.314308E-06   0.146205E-07
   0.830000E+00   0.783495E-07   0.374318E-08   0.571436E-08   0.442035E-05   0.395007E-06   0.156699E-07
   0.840000E+00   0.839729E-07   0.472568E-08   0.721426E-08   0.453711E-05   0.496286E-06   0.167946E-07
   0.850000E+00   0.900000E-07   0.596608E-08   0.910785E-08   0.467097E-05   0.623304E-06   0.180000E-07
   0.860000E+00   0.114503E-06   0.838418E-08   0.127993E-07   0.482726E-05   0.782476E-06   0.229007E-07
   0.870000E+00   0.145678E-06   0.117824E-07   0.179870E-07   0.501211E-05   0.981766E-06   0.291356E-07
   0.880000E+00   0.185340E-06   0.165579E-07   0.252773E-07   0.523281E-05   0.123104E-05   0.370680E-07
   0.890000E+00   0.235801E-06   0.232689E-07   0.355224E-07   0.549810E-05   0.154251E-05   0.471602E-07
   0.900000E+00   0.300000E-06   0.327000E-07   0.499200E-07   0.581878E-05   0.193123E-05   0.600000E-07
   0.910000E+00   0.470791E-06   0.592274E-07   0.904169E-07   0.620834E-05   0.241576E-05   0.104915E-06
   0.920000E+00   0.738815E-06   0.107275E-06   0.163766E-06   0.668399E-05   0.301889E-05   0.183454E-06
   0.930000E+00   0.115943E-05   0.194300E-06   0.296620E-06   0.726803E-05   0.376858E-05   0.320785E-06
   0.940000E+00   0.181949E-05   0.351923E-06   0.537248E-06   0.798976E-05   0.469898E-05   0.560921E-06
   0.950000E+00   0.285534E-05   0.637416E-06   0.973083E-06   0.888827E-05   0.585178E-05   0.980820E-06
   0.960000E+00   0.448089E-05   0.115451E-05   0.176248E-05   0.100165E-04   0.727765E-05   0.171505E-05
   0.970000E+00   0.660309E-05   0.197418E-05   0.301380E-05   0.114471E-04   0.903802E-05   0.293269E-05
   0.980000E+00   0.973040E-05   0.337581E-05   0.515352E-05   0.132816E-04   0.112072E-04   0.501483E-05
   0.990000E+00   0.143388E-04   0.577254E-05   0.881240E-05   0.156638E-04   0.138751E-04   0.857523E-05
   0.100000E+01   0.179236E-04   0.115451E-04   0.176248E-04   0.188010E-04   0.171505E-04   0.171505E-04
